S4_T4,1544801962.4,61.76,-124.01,31.73,-82.92,94.01,5.13,-46.61,0.26593,-0.10644001,0.07619001,-0.963701,0.197648,-0.179488,-0.040546,0.556136,0.830101,0.263888,0.807247,-0.527935,False,False,NA,NA
S4_T4,1544801962.49,61.76,-124.01,31.73,-82.92,94.01,5.13,-46.61,0.26593,-0.10644001,0.07619001,-0.963701,0.197648,-0.179488,-0.040546,0.556136,0.830101,0.263888,0.807247,-0.527935,False,False,NA,NA
S4_T4,1544801962.49,61.76,-124.01,31.73,-82.92,94.01,5.13,-46.61,0.26593,-0.10644001,0.07619001,-0.963701,0.197648,-0.179488,-0.040546,0.556136,0.830101,0.263888,0.807247,-0.527935,False,False,NA,NA
S4_T4,1544801962.6,61.76,-124.01,31.73,-82.92,94.01,5.13,-46.61,0.26593,-0.10644001,0.07619001,-0.963701,0.197648,-0.179488,-0.040546,0.556136,0.830101,0.263888,0.807247,-0.527935,False,False,NA,NA
S4_T4,1544801962.7,61.76,-124.01,31.73,-82.92,94.01,5.13,-46.61,0.26593,-0.10644001,0.07619001,-0.963701,0.197648,-0.179488,-0.040546,0.556136,0.830101,0.263888,0.807247,-0.527935,False,False,NA,NA
S4_T4,1544801962.79,61.76,-124.01,31.73,-82.92,94.01,5.13,-46.61,0.26593,-0.10644001,0.07619001,-0.963701,0.197648,-0.179488,-0.040546,0.556136,0.830101,0.263888,0.807247,-0.527935,False,False,NA,NA
S4_T4,1544801962.79,61.76,-124.01,31.73,-82.92,94.01,5.13,-46.61,0.26593,-0.10644001,0.07619001,-0.963701,0.197648,-0.179488,-0.040546,0.556136,0.830101,0.263888,0.807247,-0.527935,False,False,NA,NA
S4_T4,1544801962.89,61.76,-124.01,31.73,-82.92,94.01,5.13,-46.61,0.26593,-0.10644001,0.07619001,-0.963701,0.197648,-0.179488,-0.040546,0.556136,0.830101,0.263888,0.807247,-0.527935,False,False,NA,NA
S4_T4,1544801962.89,61.76,-124.01,31.73,-82.92,94.01,5.13,-46.61,0.26593,-0.10644001,0.07619001,-0.963701,0.197648,-0.179488,-0.040546,0.556136,0.830101,0.263888,0.807247,-0.527935,False,False,NA,NA
S4_T4,1544801962.99,61.76,-124.01,31.73,-82.92,94.01,5.13,-46.61,0.26593,-0.10644001,0.07619001,-0.963701,0.197648,-0.179488,-0.040546,0.556136,0.830101,0.263888,0.807247,-0.527935,False,False,NA,NA
S4_T4,1544801962.99,61.76,-124.01,31.73,-82.92,94.01,5.13,-46.61,0.26593,-0.10644001,0.07619001,-0.963701,0.197648,-0.179488,-0.040546,0.556136,0.830101,0.263888,0.807247,-0.527935,False,False,NA,NA
S4_T4,1544801963.08,61.76,-124.01,31.73,-82.92,94.01,5.13,-46.61,0.26593,-0.10644001,0.07619001,-0.963701,0.197648,-0.179488,-0.040546,0.556136,0.830101,0.263888,0.807247,-0.527935,False,False,NA,NA
S4_T4,1544801963.08,61.76,-124.01,31.73,-82.92,94.01,5.13,-46.61,0.26593,-0.10644001,0.07619001,-0.963701,0.197648,-0.179488,-0.040546,0.556136,0.830101,0.263888,0.807247,-0.527935,False,False,NA,NA
S4_T4,1544801963.17,61.76,-124.01,31.73,-82.92,94.01,5.13,-46.61,0.26593,-0.10644001,0.07619001,-0.963701,0.197648,-0.179488,-0.040546,0.556136,0.830101,0.263888,0.807247,-0.527935,False,False,NA,NA
S4_T4,1544801963.17,61.76,-124.01,31.73,-82.92,94.01,5.13,-46.61,0.26593,-0.10644001,0.07619001,-0.963701,0.197648,-0.179488,-0.040546,0.556136,0.830101,0.263888,0.807247,-0.527935,False,False,NA,NA
S4_T4,1544801963.27,61.76,-124.01,31.73,-82.92,94.01,5.13,-46.61,0.26593,-0.10644001,0.07619001,-0.963701,0.197648,-0.179488,-0.040546,0.556136,0.830101,0.263888,0.807247,-0.527935,False,False,NA,NA
S4_T4,1544801963.35,61.76,-124.01,31.73,-82.92,94.01,5.13,-46.61,0.26593,-0.10644001,0.07619001,-0.963701,0.197648,-0.179488,-0.040546,0.556136,0.830101,0.263888,0.807247,-0.527935,False,False,NA,NA
S4_T4,1544801963.35,61.76,-124.01,31.73,-82.92,94.01,5.13,-46.61,0.26593,-0.10644001,0.07619001,-0.963701,0.197648,-0.179488,-0.040546,0.556136,0.830101,0.263888,0.807247,-0.527935,False,False,NA,NA
S4_T4,1544801963.46,61.76,-124.01,31.73,-82.92,94.01,5.13,-46.61,0.26593,-0.10644001,0.07619001,-0.963701,0.197648,-0.179488,-0.040546,0.556136,0.830101,0.263888,0.807247,-0.527935,False,False,NA,NA
S4_T4,1544801963.56,61.76,-124.01,31.73,-82.92,94.01,5.13,-46.61,0.26593,-0.10644001,0.07619001,-0.963701,0.197648,-0.179488,-0.040546,0.556136,0.830101,0.263888,0.807247,-0.527935,False,False,NA,NA
S4_T4,1544801963.56,61.76,-124.01,31.73,-82.92,94.01,5.13,-46.61,0.26593,-0.10644001,0.07619001,-0.963701,0.197648,-0.179488,-0.040546,0.556136,0.830101,0.263888,0.807247,-0.527935,False,False,NA,NA
S4_T4,1544801963.66,61.76,-124.01,31.73,-82.92,94.01,5.13,-46.61,0.26593,-0.10644001,0.07619001,-0.963701,0.197648,-0.179488,-0.040546,0.556136,0.830101,0.263888,0.807247,-0.527935,False,False,NA,NA
S4_T4,1544801963.75,61.76,-124.01,31.73,-82.92,94.01,5.13,-46.61,0.26593,-0.10644001,0.07619001,-0.963701,0.197648,-0.179488,-0.040546,0.556136,0.830101,0.263888,0.807247,-0.527935,False,False,NA,NA
S4_T4,1544801963.84,61.76,-124.01,31.73,-82.92,94.01,5.13,-46.61,0.26593,-0.10644001,0.07619001,-0.963701,0.197648,-0.179488,-0.040546,0.556136,0.830101,0.263888,0.807247,-0.527935,False,False,NA,NA
S4_T4,1544801963.84,61.76,-124.01,31.73,-82.92,94.01,5.13,-46.61,0.26593,-0.10644001,0.07619001,-0.963701,0.197648,-0.179488,-0.040546,0.556136,0.830101,0.263888,0.807247,-0.527935,False,False,NA,NA
S4_T4,1544801963.93,61.76,-124.01,31.73,-82.92,94.01,5.13,-46.61,0.26593,-0.10644001,0.07619001,-0.963701,0.197648,-0.179488,-0.040546,0.556136,0.830101,0.263888,0.807247,-0.527935,False,False,NA,NA
S4_T4,1544801964.02,61.76,-124.01,31.73,-82.92,94.01,5.13,-46.61,0.26593,-0.10644001,0.07619001,-0.963701,0.197648,-0.179488,-0.040546,0.556136,0.830101,0.263888,0.807247,-0.527935,False,False,NA,NA
S4_T4,1544801964.1,61.76,-124.01,31.73,-82.92,94.01,5.13,-46.61,0.26593,-0.10644001,0.07619001,-0.963701,0.197648,-0.179488,-0.040546,0.556136,0.830101,0.263888,0.807247,-0.527935,False,False,NA,NA
S4_T4,1544801964.2,61.76,-124.01,31.73,-82.92,94.01,5.13,-46.61,0.26593,-0.10644001,0.07619001,-0.963701,0.197648,-0.179488,-0.040546,0.556136,0.830101,0.263888,0.807247,-0.527935,False,False,NA,NA
S4_T4,1544801964.31,61.76,-124.01,31.73,-82.92,94.01,5.13,-46.61,0.26593,-0.10644001,0.07619001,-0.963701,0.197648,-0.179488,-0.040546,0.556136,0.830101,0.263888,0.807247,-0.527935,False,False,NA,NA
S4_T4,1544801964.31,61.76,-124.01,31.73,-82.92,94.01,5.13,-46.61,0.26593,-0.10644001,0.07619001,-0.963701,0.197648,-0.179488,-0.040546,0.556136,0.830101,0.263888,0.807247,-0.527935,False,False,NA,NA
S4_T4,1544801964.4,61.76,-124.01,31.73,-82.92,94.01,5.13,-46.61,0.26593,-0.10644001,0.07619001,-0.963701,0.197648,-0.179488,-0.040546,0.556136,0.830101,0.263888,0.807247,-0.527935,False,False,NA,NA
S4_T4,1544801964.51,61.76,-124.01,31.73,-82.92,94.01,5.13,-46.61,0.26593,-0.10644001,0.07619001,-0.963701,0.197648,-0.179488,-0.040546,0.556136,0.830101,0.263888,0.807247,-0.527935,False,False,NA,NA
S4_T4,1544801964.6,61.76,-124.01,31.73,-82.92,94.01,5.13,-46.61,0.26593,-0.10644001,0.07619001,-0.963701,0.197648,-0.179488,-0.040546,0.556136,0.830101,0.263888,0.807247,-0.527935,False,False,NA,NA
S4_T4,1544801964.6,61.76,-124.01,31.73,-82.92,94.01,5.13,-46.61,0.26593,-0.10644001,0.07619001,-0.963701,0.197648,-0.179488,-0.040546,0.556136,0.830101,0.263888,0.807247,-0.527935,False,False,NA,NA
S4_T4,1544801964.69,61.76,-124.01,31.73,-82.92,94.01,5.13,-46.61,0.26593,-0.10644001,0.07619001,-0.963701,0.197648,-0.179488,-0.040546,0.556136,0.830101,0.263888,0.807247,-0.527935,False,False,NA,NA
S4_T4,1544801964.69,61.76,-124.01,31.73,-82.92,94.01,5.13,-46.61,0.26593,-0.10644001,0.07619001,-0.963701,0.197648,-0.179488,-0.040546,0.556136,0.830101,0.263888,0.807247,-0.527935,False,False,NA,NA
S4_T4,1544801964.79,61.76,-124.01,31.73,-82.92,94.01,5.13,-46.61,0.26593,-0.10644001,0.07619001,-0.963701,0.197648,-0.179488,-0.040546,0.556136,0.830101,0.263888,0.807247,-0.527935,False,False,NA,NA
S4_T4,1544801964.88,61.76,-124.01,31.73,-82.92,94.01,5.13,-46.61,0.26593,-0.10644001,0.07619001,-0.963701,0.197648,-0.179488,-0.040546,0.556136,0.830101,0.263888,0.807247,-0.527935,False,False,NA,NA
S4_T4,1544801964.97,61.76,-124.01,31.73,-82.92,94.01,5.13,-46.61,0.26593,-0.10644001,0.07619001,-0.963701,0.197648,-0.179488,-0.040546,0.556136,0.830101,0.263888,0.807247,-0.527935,False,False,NA,NA
S4_T4,1544801964.97,61.76,-124.01,31.73,-82.92,94.01,5.13,-46.61,0.26593,-0.10644001,0.07619001,-0.963701,0.197648,-0.179488,-0.040546,0.556136,0.830101,0.263888,0.807247,-0.527935,False,False,NA,NA
S4_T4,1544801965.07,61.76,-124.01,31.73,-82.92,94.01,5.13,-46.61,0.26593,-0.10644001,0.07619001,-0.963701,0.197648,-0.179488,-0.040546,0.556136,0.830101,0.263888,0.807247,-0.527935,False,False,NA,NA
S4_T4,1544801965.07,61.76,-124.01,31.73,-82.92,94.01,5.13,-46.61,0.26593,-0.10644001,0.07619001,-0.963701,0.197648,-0.179488,-0.040546,0.556136,0.830101,0.263888,0.807247,-0.527935,False,False,NA,NA
S4_T4,1544801965.16,61.76,-124.01,31.73,-82.92,94.01,5.13,-46.61,0.26593,-0.10644001,0.07619001,-0.963701,0.197648,-0.179488,-0.040546,0.556136,0.830101,0.263888,0.807247,-0.527935,False,False,NA,NA
S4_T4,1544801965.16,61.76,-124.01,31.73,-82.92,94.01,5.13,-46.61,0.26593,-0.10644001,0.07619001,-0.963701,0.197648,-0.179488,-0.040546,0.556136,0.830101,0.263888,0.807247,-0.527935,False,False,NA,NA
S4_T4,1544801965.26,61.76,-124.01,31.73,-82.92,94.01,5.13,-46.61,0.26593,-0.10644001,0.07619001,-0.963701,0.197648,-0.179488,-0.040546,0.556136,0.830101,0.263888,0.807247,-0.527935,False,False,NA,NA
S4_T4,1544801965.36,61.76,-124.01,31.73,-82.92,94.01,5.13,-46.61,0.26593,-0.10644001,0.07619001,-0.963701,0.197648,-0.179488,-0.040546,0.556136,0.830101,0.263888,0.807247,-0.527935,False,False,NA,NA
S4_T4,1544801965.36,61.76,-124.01,31.73,-82.92,94.01,5.13,-46.61,0.26593,-0.10644001,0.07619001,-0.963701,0.197648,-0.179488,-0.040546,0.556136,0.830101,0.263888,0.807247,-0.527935,False,False,NA,NA
S4_T4,1544801965.5,61.76,-124.01,31.73,-82.92,94.01,5.13,-46.61,0.26593,-0.10644001,0.07619001,-0.963701,0.197648,-0.179488,-0.040546,0.556136,0.830101,0.263888,0.807247,-0.527935,False,False,NA,NA
S4_T4,1544801965.5,61.76,-124.01,31.73,-82.92,94.01,5.13,-46.61,0.26593,-0.10644001,0.07619001,-0.963701,0.197648,-0.179488,-0.040546,0.556136,0.830101,0.263888,0.807247,-0.527935,False,False,NA,NA
S4_T4,1544801965.5,61.76,-124.01,31.73,-82.92,94.01,5.13,-46.61,0.26593,-0.10644001,0.07619001,-0.963701,0.197648,-0.179488,-0.040546,0.556136,0.830101,0.263888,0.807247,-0.527935,False,False,NA,NA
S4_T4,1544801965.6,61.76,-124.01,31.73,-82.92,94.01,5.13,-46.61,0.26593,-0.10644001,0.07619001,-0.963701,0.197648,-0.179488,-0.040546,0.556136,0.830101,0.263888,0.807247,-0.527935,False,False,NA,NA
S4_T4,1544801965.6,61.76,-124.01,31.73,-82.92,94.01,5.13,-46.61,0.26593,-0.10644001,0.07619001,-0.963701,0.197648,-0.179488,-0.040546,0.556136,0.830101,0.263888,0.807247,-0.527935,False,False,NA,NA
S4_T4,1544801965.74,61.76,-124.01,31.73,-82.92,94.01,5.13,-46.61,0.26593,-0.10644001,0.07619001,-0.963701,0.197648,-0.179488,-0.040546,0.556136,0.830101,0.263888,0.807247,-0.527935,False,False,NA,NA
S4_T4,1544801965.74,61.76,-124.01,31.73,-82.92,94.01,5.13,-46.61,0.26593,-0.10644001,0.07619001,-0.963701,0.197648,-0.179488,-0.040546,0.556136,0.830101,0.263888,0.807247,-0.527935,False,False,NA,NA
S4_T4,1544801965.74,61.76,-124.01,31.73,-82.92,94.01,5.13,-46.61,0.26593,-0.10644001,0.07619001,-0.963701,0.197648,-0.179488,-0.040546,0.556136,0.830101,0.263888,0.807247,-0.527935,False,False,NA,NA
S4_T4,1544801965.88,61.76,-124.04,31.85,-83.24,93.89,5.27,-46.61,0.26603,-0.10633001,0.075050004,-0.964014,0.198101,-0.177292,-0.037278,0.559571,0.827944,0.263223,0.804759,-0.53205,False,False,NA,NA
S4_T4,1544801965.88,61.76,-124.04,31.85,-83.24,93.89,5.27,-46.61,0.26603,-0.10633001,0.075050004,-0.964014,0.198101,-0.177292,-0.037278,0.559571,0.827944,0.263223,0.804759,-0.53205,False,False,NA,NA
S4_T4,1544801965.88,61.76,-124.04,31.85,-83.24,93.89,5.27,-46.61,0.26603,-0.10633001,0.075050004,-0.964014,0.198101,-0.177292,-0.037278,0.559571,0.827944,0.263223,0.804759,-0.53205,False,False,NA,NA
S4_T4,1544801965.98,61.77,-124.06,31.9,-83.33,93.85,5.32,-46.61,0.26603,-0.106290005,0.07506,-0.964014,0.198101,-0.177292,-0.037278,0.559571,0.827944,0.263223,0.804759,-0.53205,False,False,NA,NA
S4_T4,1544801965.98,61.77,-124.06,31.9,-83.33,93.85,5.32,-46.61,0.26603,-0.106290005,0.07506,-0.964014,0.198101,-0.177292,-0.037278,0.559571,0.827944,0.263223,0.804759,-0.53205,False,False,NA,NA
S4_T4,1544801966.1,61.67,-124.15,32.25,-83.83,93.64,5.44,-46.61,0.26571,-0.10609,0.07401001,-0.964711,0.194777,-0.177183,-0.037148,0.565498,0.823913,0.260676,0.80142,-0.538307,False,False,NA,NA
S4_T4,1544801966.1,61.67,-124.15,32.25,-83.83,93.64,5.44,-46.61,0.26571,-0.10609,0.07401001,-0.964711,0.194777,-0.177183,-0.037148,0.565498,0.823913,0.260676,0.80142,-0.538307,False,False,NA,NA
S4_T4,1544801966.2,61.57,-124.16,32.28,-83.85,93.58,5.35,-46.61,0.26541,-0.10672001,0.07367,-0.965858,0.190897,-0.175149,-0.036489,0.569084,0.821469,0.256491,0.799814,-0.542688,False,False,NA,NA
S4_T4,1544801966.2,61.57,-124.16,32.28,-83.85,93.58,5.35,-46.61,0.26541,-0.10672001,0.07367,-0.965858,0.190897,-0.175149,-0.036489,0.569084,0.821469,0.256491,0.799814,-0.542688,False,False,NA,NA
S4_T4,1544801966.2,61.57,-124.16,32.28,-83.85,93.58,5.35,-46.61,0.26541,-0.10672001,0.07367,-0.965858,0.190897,-0.175149,-0.036489,0.569084,0.821469,0.256491,0.799814,-0.542688,False,False,NA,NA
S4_T4,1544801966.32,61.29,-124.23,32.42,-84.03,93.33,4.92,-46.61,0.26508,-0.107190005,0.07327,-0.966511,0.188281,-0.174377,-0.037332,0.569115,0.82141,0.253896,0.800411,-0.543027,False,False,NA,NA
S4_T4,1544801966.32,61.29,-124.23,32.42,-84.03,93.33,4.92,-46.61,0.26508,-0.107190005,0.07327,-0.966511,0.188281,-0.174377,-0.037332,0.569115,0.82141,0.253896,0.800411,-0.543027,False,False,NA,NA
S4_T4,1544801966.47,61.24,-124.25,32.42,-84.04,93.2,4.91,-46.61,0.26539004,-0.10641001,0.07235,-0.968211,0.190597,-0.161987,-0.02557,0.568791,0.822084,0.248824,0.800093,-0.545837,False,False,NA,NA
S4_T4,1544801966.47,61.24,-124.25,32.42,-84.04,93.2,4.91,-46.61,0.26539004,-0.10641001,0.07235,-0.968211,0.190597,-0.161987,-0.02557,0.568791,0.822084,0.248824,0.800093,-0.545837,False,False,NA,NA
S4_T4,1544801966.47,61.24,-124.25,32.42,-84.04,93.2,4.91,-46.61,0.26539004,-0.10641001,0.07235,-0.968211,0.190597,-0.161987,-0.02557,0.568791,0.822084,0.248824,0.800093,-0.545837,False,False,NA,NA
S4_T4,1544801966.59,60.91,-124.41,32.53,-84.24,92.17,4.67,-46.61,0.2657,-0.10582001,0.071490005,-0.968211,0.190597,-0.161987,-0.02557,0.568791,0.822084,0.248824,0.800093,-0.545837,False,False,NA,NA
S4_T4,1544801966.59,60.91,-124.41,32.53,-84.24,92.17,4.67,-46.61,0.2657,-0.10582001,0.071490005,-0.968211,0.190597,-0.161987,-0.02557,0.568791,0.822084,0.248824,0.800093,-0.545837,False,False,NA,NA
S4_T4,1544801966.7,60.4,-124.6,32.88,-84.67,90.78,4.43,-46.61,0.26743,-0.10501001,0.06913,-0.972321,0.187311,-0.139663,-0.007761,0.571528,0.820546,0.233518,0.798918,-0.554255,False,False,NA,NA
S4_T4,1544801966.7,60.4,-124.6,32.88,-84.67,90.78,4.43,-46.61,0.26743,-0.10501001,0.06913,-0.972321,0.187311,-0.139663,-0.007761,0.571528,0.820546,0.233518,0.798918,-0.554255,False,False,NA,NA
S4_T4,1544801966.79,60.17,-124.69,33.05,-84.86,90.24,4.34,-46.61,0.26782998,-0.10502,0.06848001,-0.973759,0.185235,-0.13222,-0.00181,0.574653,0.818395,0.227576,0.797159,-0.559238,False,False,NA,NA
S4_T4,1544801966.91,59.84,-124.82,33.4,-85.27,89.39,4.19,-46.61,0.26862,-0.10503,0.06777,-0.974579,0.183224,-0.128939,0.000328,0.576673,0.816975,0.224045,0.796164,-0.562073,False,False,NA,NA
S4_T4,1544801966.91,59.84,-124.82,33.4,-85.27,89.39,4.19,-46.61,0.26862,-0.10503,0.06777,-0.974579,0.183224,-0.128939,0.000328,0.576673,0.816975,0.224045,0.796164,-0.562073,False,False,NA,NA
S4_T4,1544801966.91,59.84,-124.82,33.4,-85.27,89.39,4.19,-46.61,0.26862,-0.10503,0.06777,-0.974579,0.183224,-0.128939,0.000328,0.576673,0.816975,0.224045,0.796164,-0.562073,False,False,NA,NA
S4_T4,1544801967.03,59.84,-124.82,33.41,-85.27,89.38,4.19,-46.61,0.26874,-0.10485,0.067600004,-0.975175,0.182967,-0.124727,0.004222,0.578526,0.815653,0.221396,0.794878,-0.564937,False,False,NA,NA
S4_T4,1544801967.03,59.84,-124.82,33.41,-85.27,89.38,4.19,-46.61,0.26874,-0.10485,0.067600004,-0.975175,0.182967,-0.124727,0.004222,0.578526,0.815653,0.221396,0.794878,-0.564937,False,False,NA,NA
S4_T4,1544801967.03,59.84,-124.82,33.41,-85.27,89.38,4.19,-46.61,0.26874,-0.10485,0.067600004,-0.975175,0.182967,-0.124727,0.004222,0.578526,0.815653,0.221396,0.794878,-0.564937,False,False,NA,NA
S4_T4,1544801967.13,60.01,-124.91,33.65,-85.96,88.72,4.54,-46.61,0.27018002,-0.10306,0.06578,-0.97537,0.183594,-0.122257,0.007196,0.580456,0.81426,0.220458,0.793325,-0.567481,False,False,NA,NA
S4_T4,1544801967.13,60.01,-124.91,33.65,-85.96,88.72,4.54,-46.61,0.27018002,-0.10306,0.06578,-0.97537,0.183594,-0.122257,0.007196,0.580456,0.81426,0.220458,0.793325,-0.567481,False,False,NA,NA
S4_T4,1544801967.27,60.04,-124.93,33.71,-86.22,88.48,4.53,-46.61,0.27096,-0.102560006,0.0644,-0.976712,0.17896,-0.118353,0.008645,0.583997,0.81171,0.214381,0.791783,-0.571944,False,False,NA,NA
S4_T4,1544801967.27,60.04,-124.93,33.71,-86.22,88.48,4.53,-46.61,0.27096,-0.102560006,0.0644,-0.976712,0.17896,-0.118353,0.008645,0.583997,0.81171,0.214381,0.791783,-0.571944,False,False,NA,NA
S4_T4,1544801967.27,60.04,-124.93,33.71,-86.22,88.48,4.53,-46.61,0.27096,-0.102560006,0.0644,-0.976712,0.17896,-0.118353,0.008645,0.583997,0.81171,0.214381,0.791783,-0.571944,False,False,NA,NA
S4_T4,1544801967.37,60.19,-125.04,33.98,-87.24,87.48,4.38,-46.61,0.27296,-0.10095,0.061330006,-0.979098,0.171497,-0.109343,0.013052,0.589476,0.807681,0.202969,0.789371,-0.579393,False,False,NA,NA
S4_T4,1544801967.49,59.92,-125.09,34.06,-87.14,87.31,4.15,-46.61,0.27236,-0.101560004,0.061910003,-0.979445,0.170626,-0.107587,0.013954,0.589404,0.807718,0.20123,0.789614,-0.579669,False,False,NA,NA
S4_T4,1544801967.49,59.92,-125.09,34.06,-87.14,87.31,4.15,-46.61,0.27236,-0.101560004,0.061910003,-0.979445,0.170626,-0.107587,0.013954,0.589404,0.807718,0.20123,0.789614,-0.579669,False,False,NA,NA
S4_T4,1544801967.49,59.92,-125.09,34.06,-87.14,87.31,4.15,-46.61,0.27236,-0.101560004,0.061910003,-0.979445,0.170626,-0.107587,0.013954,0.589404,0.807718,0.20123,0.789614,-0.579669,False,False,NA,NA
S4_T4,1544801967.6,59.92,-125.09,34.08,-87.16,87.28,4.15,-46.61,0.27254003,-0.10114001,0.061550003,-0.979805,0.169538,-0.106014,0.01512,0.59149,0.80617,0.199383,0.788287,-0.582108,False,False,NA,NA
S4_T4,1544801967.6,59.92,-125.09,34.08,-87.16,87.28,4.15,-46.61,0.27254003,-0.10114001,0.061550003,-0.979805,0.169538,-0.106014,0.01512,0.59149,0.80617,0.199383,0.788287,-0.582108,False,False,NA,NA
S4_T4,1544801967.73,59.85,-125.2,34.37,-87.82,86.7,4.14,-46.61,0.27291003,-0.10057001,0.060130004,-0.980682,0.165809,-0.10378,0.015585,0.595094,0.803505,0.194988,0.786365,-0.586182,False,False,NA,NA
S4_T4,1544801967.73,59.85,-125.2,34.37,-87.82,86.7,4.14,-46.61,0.27291003,-0.10057001,0.060130004,-0.980682,0.165809,-0.10378,0.015585,0.595094,0.803505,0.194988,0.786365,-0.586182,False,False,NA,NA
S4_T4,1544801967.73,59.85,-125.2,34.37,-87.82,86.7,4.14,-46.61,0.27291003,-0.10057001,0.060130004,-0.980682,0.165809,-0.10378,0.015585,0.595094,0.803505,0.194988,0.786365,-0.586182,False,False,NA,NA
S4_T4,1544801967.85,59.86,-125.2,34.37,-87.9,86.61,4.06,-46.61,0.27397,-0.10083,0.058450002,-0.982183,0.160356,-0.097996,0.017817,0.598559,0.800881,0.187082,0.784865,-0.590751,False,False,NA,NA
S4_T4,1544801967.85,59.86,-125.2,34.37,-87.9,86.61,4.06,-46.61,0.27397,-0.10083,0.058450002,-0.982183,0.160356,-0.097996,0.017817,0.598559,0.800881,0.187082,0.784865,-0.590751,False,False,NA,NA
S4_T4,1544801967.97,59.99,-125.2,34.15,-88.69,85.62,3.41,-46.61,0.2759,-0.10119001,0.05519,-0.984229,0.153,-0.088797,0.022024,0.604036,0.796652,0.175524,0.782132,-0.59788,False,False,NA,NA
S4_T4,1544801967.97,59.99,-125.2,34.15,-88.69,85.62,3.41,-46.61,0.2759,-0.10119001,0.05519,-0.984229,0.153,-0.088797,0.022024,0.604036,0.796652,0.175524,0.782132,-0.59788,False,True,S1,True
S4_T4,1544801968.11,59.95,-125.25,34.23,-89.52,84.6,2.95,-46.61,0.27773002,-0.10108001,0.05178,-0.987146,0.14101,-0.075226,0.027254,0.612318,0.790142,0.15748,0.777935,-0.608291,False,True,S1,True
S4_T4,1544801968.11,59.95,-125.25,34.23,-89.52,84.6,2.95,-46.61,0.27773002,-0.10108001,0.05178,-0.987146,0.14101,-0.075226,0.027254,0.612318,0.790142,0.15748,0.777935,-0.608291,False,True,S1,True
S4_T4,1544801968.11,59.95,-125.25,34.23,-89.52,84.6,2.95,-46.61,0.27773002,-0.10108001,0.05178,-0.987146,0.14101,-0.075226,0.027254,0.612318,0.790142,0.15748,0.777935,-0.608291,False,True,S1,True
S4_T4,1544801968.23,59.82,-125.34,34.4,-89.93,84.07,2.76,-46.61,0.27837002,-0.100880004,0.05087,-0.988378,0.136567,-0.066774,0.032129,0.616995,0.786311,0.148583,0.775027,-0.614212,False,True,S1,True
S4_T4,1544801968.23,59.82,-125.34,34.4,-89.93,84.07,2.76,-46.61,0.27837002,-0.100880004,0.05087,-0.988378,0.136567,-0.066774,0.032129,0.616995,0.786311,0.148583,0.775027,-0.614212,False,True,S1,True
S4_T4,1544801968.33,59.62,-125.42,34.66,-90.34,83.34,2.59,-46.61,0.27894002,-0.10052,0.050130002,-0.988378,0.136567,-0.066774,0.032129,0.616995,0.786311,0.148583,0.775027,-0.614212,False,True,S1,True
S4_T4,1544801968.33,59.62,-125.42,34.66,-90.34,83.34,2.59,-46.61,0.27894002,-0.10052,0.050130002,-0.988378,0.136567,-0.066774,0.032129,0.616995,0.786311,0.148583,0.775027,-0.614212,False,True,S1,True
S4_T4,1544801968.33,59.62,-125.42,34.66,-90.34,83.34,2.59,-46.61,0.27894002,-0.10052,0.050130002,-0.988378,0.136567,-0.066774,0.032129,0.616995,0.786311,0.148583,0.775027,-0.614212,False,True,S1,True
S4_T4,1544801968.49,59.63,-125.42,34.65,-90.4,83.19,2.51,-46.61,0.28017002,-0.100600004,0.04839,-0.989898,0.128584,-0.059731,0.033086,0.619166,0.784563,0.137866,0.774661,-0.617165,False,True,S1,True
S4_T4,1544801968.49,59.63,-125.42,34.65,-90.4,83.19,2.51,-46.61,0.28017002,-0.100600004,0.04839,-0.989898,0.128584,-0.059731,0.033086,0.619166,0.784563,0.137866,0.774661,-0.617165,False,True,S1,True
S4_T4,1544801968.49,59.63,-125.42,34.65,-90.4,83.19,2.51,-46.61,0.28017002,-0.100600004,0.04839,-0.989898,0.128584,-0.059731,0.033086,0.619166,0.784563,0.137866,0.774661,-0.617165,False,True,S1,True
S4_T4,1544801968.6,59.68,-125.44,34.57,-90.73,82.74,2.2,-46.61,0.28025,-0.10040001,0.048100002,-0.989898,0.128584,-0.059731,0.033086,0.619166,0.784563,0.137866,0.774661,-0.617165,False,True,S1,True
S4_T4,1544801968.6,59.68,-125.44,34.57,-90.73,82.74,2.2,-46.61,0.28025,-0.10040001,0.048100002,-0.989898,0.128584,-0.059731,0.033086,0.619166,0.784563,0.137866,0.774661,-0.617165,False,True,S1,True
S4_T4,1544801968.71,59.77,-125.42,34.24,-90.63,82.08,1.79,-46.61,0.28206,-0.09973001,0.04696,-0.990577,0.126934,-0.051421,0.038098,0.616043,0.78679,0.131548,0.777418,-0.615074,False,True,S1,True
S4_T4,1544801968.71,59.77,-125.42,34.24,-90.63,82.08,1.79,-46.61,0.28206,-0.09973001,0.04696,-0.990577,0.126934,-0.051421,0.038098,0.616043,0.78679,0.131548,0.777418,-0.615074,False,True,S1,True
S4_T4,1544801968.83,59.78,-125.41,34.2,-90.61,82.03,1.77,-46.61,0.28239003,-0.09931,0.046900004,-0.990777,0.128258,-0.043714,0.043714,0.607891,0.792816,0.128258,0.783593,-0.607891,False,True,S1,True
S4_T4,1544801968.83,59.78,-125.41,34.2,-90.61,82.03,1.77,-46.61,0.28239003,-0.09931,0.046900004,-0.990777,0.128258,-0.043714,0.043714,0.607891,0.792816,0.128258,0.783593,-0.607891,False,True,S1,True
S4_T4,1544801968.94,59.73,-125.42,33.66,-89.88,81.24,1.16,-46.61,0.28331,-0.09830001,0.046660002,-0.990789,0.129129,-0.040773,0.046116,0.604865,0.794992,0.127319,0.785789,-0.605248,False,True,S1,True
S4_T4,1544801968.94,59.73,-125.42,33.66,-89.88,81.24,1.16,-46.61,0.28331,-0.09830001,0.046660002,-0.990789,0.129129,-0.040773,0.046116,0.604865,0.794992,0.127319,0.785789,-0.605248,False,True,S1,True
S4_T4,1544801968.94,59.73,-125.42,33.66,-89.88,81.24,1.16,-46.61,0.28331,-0.09830001,0.046660002,-0.990789,0.129129,-0.040773,0.046116,0.604865,0.794992,0.127319,0.785789,-0.605248,False,True,S1,True
S4_T4,1544801969.08,59.87,-125.42,33.3,-89.77,80.72,0.87,-46.61,0.28484002,-0.09674,0.045110002,-0.990902,0.131108,-0.030386,0.054466,0.59713,0.800293,0.123069,0.791358,-0.598838,False,True,S1,True
S4_T4,1544801969.08,59.87,-125.42,33.3,-89.77,80.72,0.87,-46.61,0.28484002,-0.09674,0.045110002,-0.990902,0.131108,-0.030386,0.054466,0.59713,0.800293,0.123069,0.791358,-0.598838,False,True,S1,True
S4_T4,1544801969.08,59.87,-125.42,33.3,-89.77,80.72,0.87,-46.61,0.28484002,-0.09674,0.045110002,-0.990902,0.131108,-0.030386,0.054466,0.59713,0.800293,0.123069,0.791358,-0.598838,False,True,S1,True
S4_T4,1544801969.19,60.13,-125.4,32.88,-89.57,80.1,0.55,-46.61,0.28607002,-0.095170006,0.044130005,-0.991237,0.129407,-0.026532,0.05599,0.59349,0.802891,0.119646,0.79437,-0.595535,False,True,S1,True
S4_T4,1544801969.19,60.13,-125.4,32.88,-89.57,80.1,0.55,-46.61,0.28607002,-0.095170006,0.044130005,-0.991237,0.129407,-0.026532,0.05599,0.59349,0.802891,0.119646,0.79437,-0.595535,False,True,S1,True
S4_T4,1544801969.3,60.32,-125.44,32.54,-89.8,79.23,0.07,-46.61,0.28769,-0.093270004,0.04125,-0.992003,0.124978,-0.017626,0.06049,0.593334,0.802681,0.110775,0.795195,-0.596149,False,True,S1,True
S4_T4,1544801969.3,60.32,-125.44,32.54,-89.8,79.23,0.07,-46.61,0.28769,-0.093270004,0.04125,-0.992003,0.124978,-0.017626,0.06049,0.593334,0.802681,0.110775,0.795195,-0.596149,False,True,S1,True
S4_T4,1544801969.3,60.32,-125.44,32.54,-89.8,79.23,0.07,-46.61,0.28769,-0.093270004,0.04125,-0.992003,0.124978,-0.017626,0.06049,0.593334,0.802681,0.110775,0.795195,-0.596149,False,True,S1,True
S4_T4,1544801969.4,60.32,-125.48,32.54,-89.97,78.95,-0.02,-46.61,0.28755,-0.092800006,0.040810004,-0.992137,0.124132,-0.015962,0.061515,0.594732,0.801567,0.108993,0.794283,-0.597691,False,True,S1,True
S4_T4,1544801969.4,60.32,-125.48,32.54,-89.97,78.95,-0.02,-46.61,0.28755,-0.092800006,0.040810004,-0.992137,0.124132,-0.015962,0.061515,0.594732,0.801567,0.108993,0.794283,-0.597691,False,True,S1,True
S4_T4,1544801969.51,60.25,-125.49,32.64,-90.07,78.84,0.0,-46.61,0.28754002,-0.09279001,0.04078,-0.992137,0.124132,-0.015962,0.061515,0.594732,0.801567,0.108993,0.794283,-0.597691,False,True,S1,True
S4_T4,1544801969.51,60.25,-125.49,32.64,-90.07,78.84,0.0,-46.61,0.28754002,-0.09279001,0.04078,-0.992137,0.124132,-0.015962,0.061515,0.594732,0.801567,0.108993,0.794283,-0.597691,False,True,S1,True
S4_T4,1544801969.51,60.25,-125.49,32.64,-90.07,78.84,0.0,-46.61,0.28754002,-0.09279001,0.04078,-0.992137,0.124132,-0.015962,0.061515,0.594732,0.801567,0.108993,0.794283,-0.597691,False,True,S1,True
S4_T4,1544801969.59,60.26,-125.49,32.64,-90.07,78.84,0.0,-46.61,0.28752,-0.09266001,0.04064,-0.992151,0.124015,-0.016003,0.061509,0.595454,0.801031,0.108869,0.79376,-0.598409,False,True,S1,True
S4_T4,1544801969.71,60.4,-125.56,32.79,-90.66,78.43,0.2,-46.61,0.28827,-0.09141001,0.03923,-0.992275,0.123214,-0.014454,0.062654,0.598274,0.798838,0.107075,0.791761,-0.601373,False,True,S1,True
S4_T4,1544801969.71,60.4,-125.56,32.79,-90.66,78.43,0.2,-46.61,0.28827,-0.09141001,0.03923,-0.992275,0.123214,-0.014454,0.062654,0.598274,0.798838,0.107075,0.791761,-0.601373,False,True,S1,True
S4_T4,1544801969.71,60.4,-125.56,32.79,-90.66,78.43,0.2,-46.61,0.28827,-0.09141001,0.03923,-0.992275,0.123214,-0.014454,0.062654,0.598274,0.798838,0.107075,0.791761,-0.601373,False,True,S1,True
S4_T4,1544801969.84,60.41,-125.56,32.79,-90.7,78.36,0.2,-46.61,0.28869003,-0.09127,0.038830005,-0.992461,0.122275,-0.008363,0.067226,0.600167,0.797045,0.102477,0.790474,-0.603862,False,True,S1,True
S4_T4,1544801969.84,60.41,-125.56,32.79,-90.7,78.36,0.2,-46.61,0.28869003,-0.09127,0.038830005,-0.992461,0.122275,-0.008363,0.067226,0.600167,0.797045,0.102477,0.790474,-0.603862,False,True,S1,True
S4_T4,1544801969.96,60.5,-125.61,32.78,-91.24,77.59,0.21,-46.61,0.2899,-0.090560004,0.036900003,-0.992707,0.120453,-0.004947,0.069112,0.602252,0.795309,0.098777,0.789167,-0.606184,False,True,S1,True
S4_T4,1544801969.96,60.5,-125.61,32.78,-91.24,77.59,0.21,-46.61,0.2899,-0.090560004,0.036900003,-0.992707,0.120453,-0.004947,0.069112,0.602252,0.795309,0.098777,0.789167,-0.606184,False,True,S1,True
S4_T4,1544801969.96,60.5,-125.61,32.78,-91.24,77.59,0.21,-46.61,0.2899,-0.090560004,0.036900003,-0.992707,0.120453,-0.004947,0.069112,0.602252,0.795309,0.098777,0.789167,-0.606184,False,True,S1,True
S4_T4,1544801970.09,60.55,-125.62,32.76,-91.74,77.16,0.08,-46.61,0.29104003,-0.09093001,0.03442,-0.993438,0.114343,0.002497,0.072283,0.6108,0.788479,0.088632,0.783485,-0.615057,False,True,S1,True
S4_T4,1544801970.09,60.55,-125.62,32.76,-91.74,77.16,0.08,-46.61,0.29104003,-0.09093001,0.03442,-0.993438,0.114343,0.002497,0.072283,0.6108,0.788479,0.088632,0.783485,-0.615057,False,True,S1,True
S4_T4,1544801970.09,60.55,-125.62,32.76,-91.74,77.16,0.08,-46.61,0.29104003,-0.09093001,0.03442,-0.993438,0.114343,0.002497,0.072283,0.6108,0.788479,0.088632,0.783485,-0.615057,False,True,S1,True
S4_T4,1544801970.19,60.61,-125.65,32.74,-92.17,76.75,-0.09,-46.61,0.29155,-0.090900004,0.033220004,-0.993743,0.111642,0.003264,0.071458,0.613055,0.786802,0.085839,0.782113,-0.617197,False,True,S1,True
S4_T4,1544801970.3,60.39,-125.73,33.02,-92.73,76.15,-0.24,-46.61,0.29199,-0.09116001,0.032150004,-0.99428,0.106399,0.009335,0.073349,0.61666,0.783805,0.07764,0.780006,-0.620937,False,True,S1,True
S4_T4,1544801970.3,60.39,-125.73,33.02,-92.73,76.15,-0.24,-46.61,0.29199,-0.09116001,0.032150004,-0.99428,0.106399,0.009335,0.073349,0.61666,0.783805,0.07764,0.780006,-0.620937,False,True,S1,True
S4_T4,1544801970.3,60.39,-125.73,33.02,-92.73,76.15,-0.24,-46.61,0.29199,-0.09116001,0.032150004,-0.99428,0.106399,0.009335,0.073349,0.61666,0.783805,0.07764,0.780006,-0.620937,False,True,S1,True
S4_T4,1544801970.3,60.39,-125.73,33.02,-92.73,76.15,-0.24,-46.61,0.29199,-0.09116001,0.032150004,-0.99428,0.106399,0.009335,0.073349,0.61666,0.783805,0.07764,0.780006,-0.620937,False,True,S1,True
S4_T4,1544801970.43,60.39,-125.74,33.03,-92.75,76.14,-0.24,-46.61,0.29212,-0.09124,0.031570002,-0.994626,0.102871,0.011689,0.073528,0.622371,0.779261,0.072889,0.775933,-0.62659,False,True,S1,True
S4_T4,1544801970.43,60.39,-125.74,33.03,-92.75,76.14,-0.24,-46.61,0.29212,-0.09124,0.031570002,-0.994626,0.102871,0.011689,0.073528,0.622371,0.779261,0.072889,0.775933,-0.62659,False,True,S1,True
S4_T4,1544801970.53,60.29,-125.81,33.17,-93.7,75.49,-0.48,-46.61,0.29222003,-0.09176001,0.029080002,-0.994943,0.099445,0.014122,0.073709,0.627375,0.775221,0.068232,0.772342,-0.631532,False,True,S1,True
S4_T4,1544801970.53,60.29,-125.81,33.17,-93.7,75.49,-0.48,-46.61,0.29222003,-0.09176001,0.029080002,-0.994943,0.099445,0.014122,0.073709,0.627375,0.775221,0.068232,0.772342,-0.631532,False,True,S1,True
S4_T4,1544801970.66,60.29,-125.81,33.17,-93.72,75.47,-0.48,-46.61,0.29249,-0.09194001,0.028380001,-0.99529,0.095179,0.018386,0.074715,0.63235,0.771072,0.061763,0.768814,-0.636483,False,True,S1,True
S4_T4,1544801970.66,60.29,-125.81,33.17,-93.72,75.47,-0.48,-46.61,0.29249,-0.09194001,0.028380001,-0.99529,0.095179,0.018386,0.074715,0.63235,0.771072,0.061763,0.768814,-0.636483,False,True,S1,True
S4_T4,1544801970.66,60.29,-125.81,33.17,-93.72,75.47,-0.48,-46.61,0.29249,-0.09194001,0.028380001,-0.99529,0.095179,0.018386,0.074715,0.63235,0.771072,0.061763,0.768814,-0.636483,False,True,S1,True
S4_T4,1544801970.78,60.32,-125.84,33.13,-94.48,74.64,-0.73,-46.61,0.29366,-0.092250004,0.026020002,-0.995417,0.092675,0.023601,0.0774,0.635768,0.767989,0.056168,0.766296,-0.640028,False,True,S1,True
S4_T4,1544801970.78,60.32,-125.84,33.13,-94.48,74.64,-0.73,-46.61,0.29366,-0.092250004,0.026020002,-0.995417,0.092675,0.023601,0.0774,0.635768,0.767989,0.056168,0.766296,-0.640028,False,True,S1,True
S4_T4,1544801970.91,60.26,-125.84,32.91,-94.42,73.95,-1.35,-46.61,0.29539004,-0.09249,0.024750002,-0.99576,0.084871,0.035485,0.081471,0.634504,0.768614,0.042718,0.768246,-0.638728,False,True,S1,True
S4_T4,1544801970.91,60.26,-125.84,32.91,-94.42,73.95,-1.35,-46.61,0.29539004,-0.09249,0.024750002,-0.99576,0.084871,0.035485,0.081471,0.634504,0.768614,0.042718,0.768246,-0.638728,False,True,S1,True
S4_T4,1544801970.91,60.26,-125.84,32.91,-94.42,73.95,-1.35,-46.61,0.29539004,-0.09249,0.024750002,-0.99576,0.084871,0.035485,0.081471,0.634504,0.768614,0.042718,0.768246,-0.638728,False,True,S1,True
S4_T4,1544801971.03,60.21,-125.84,32.81,-94.36,73.64,-1.61,-46.61,0.29553002,-0.09249,0.02455,-0.995766,0.084022,0.037294,0.082321,0.634503,0.768524,0.04091,0.76834,-0.638733,False,True,S1,True
S4_T4,1544801971.03,60.21,-125.84,32.81,-94.36,73.64,-1.61,-46.61,0.29553002,-0.09249,0.02455,-0.995766,0.084022,0.037294,0.082321,0.634503,0.768524,0.04091,0.76834,-0.638733,False,True,S1,True
S4_T4,1544801971.03,60.21,-125.84,32.81,-94.36,73.64,-1.61,-46.61,0.29553002,-0.09249,0.02455,-0.995766,0.084022,0.037294,0.082321,0.634503,0.768524,0.04091,0.76834,-0.638733,False,True,S1,True
S4_T4,1544801971.14,60.68,-125.81,32.3,-94.21,72.88,-2.02,-46.61,0.29935002,-0.09060001,0.02296,-0.995546,0.081444,0.047495,0.088299,0.628848,0.772498,0.033049,0.773251,-0.633238,False,True,S1,True
S4_T4,1544801971.14,60.68,-125.81,32.3,-94.21,72.88,-2.02,-46.61,0.29935002,-0.09060001,0.02296,-0.995546,0.081444,0.047495,0.088299,0.628848,0.772498,0.033049,0.773251,-0.633238,False,True,S1,True
S4_T4,1544801971.27,60.92,-125.78,32.11,-94.12,72.63,-2.1,-46.61,0.30074,-0.08964001,0.022820001,-0.995346,0.082224,0.050258,0.090816,0.625904,0.774595,0.032233,0.775554,-0.630458,False,True,S1,True
S4_T4,1544801971.27,60.92,-125.78,32.11,-94.12,72.63,-2.1,-46.61,0.30074,-0.08964001,0.022820001,-0.995346,0.082224,0.050258,0.090816,0.625904,0.774595,0.032233,0.775554,-0.630458,False,True,S1,True
S4_T4,1544801971.27,60.92,-125.78,32.11,-94.12,72.63,-2.1,-46.61,0.30074,-0.08964001,0.022820001,-0.995346,0.082224,0.050258,0.090816,0.625904,0.774595,0.032233,0.775554,-0.630458,False,True,S1,True
S4_T4,1544801971.39,61.0,-125.77,32.05,-94.09,72.55,-2.09,-46.61,0.30075002,-0.089650005,0.02281,-0.99532,0.081445,0.052009,0.091741,0.627304,0.773352,0.03036,0.774504,-0.63184,False,True,S1,True
S4_T4,1544801971.51,60.61,-125.89,32.27,-94.1,71.63,-2.45,-46.61,0.30131,-0.08912001,0.02298,-0.995155,0.07706,0.061067,0.095963,0.62594,0.773945,0.021416,0.776055,-0.630301,False,True,S1,True
S4_T4,1544801971.51,60.61,-125.89,32.27,-94.1,71.63,-2.45,-46.61,0.30131,-0.08912001,0.02298,-0.995155,0.07706,0.061067,0.095963,0.62594,0.773945,0.021416,0.776055,-0.630301,False,True,S1,True
S4_T4,1544801971.51,60.61,-125.89,32.27,-94.1,71.63,-2.45,-46.61,0.30131,-0.08912001,0.02298,-0.995155,0.07706,0.061067,0.095963,0.62594,0.773945,0.021416,0.776055,-0.630301,False,True,S1,True
S4_T4,1544801971.62,60.61,-125.89,32.18,-93.98,71.46,-2.64,-46.61,0.30232003,-0.08904,0.022930002,-0.994621,0.073465,0.073021,0.102904,0.620288,0.777595,0.011832,0.780926,-0.624511,False,True,S1,True
S4_T4,1544801971.75,60.61,-125.81,31.51,-93.09,70.48,-3.76,-46.61,0.30429003,-0.08921,0.022530003,-0.994202,0.072476,0.079434,0.107265,0.616675,0.779876,0.007538,0.783874,-0.620874,False,True,S1,True
S4_T4,1544801971.75,60.61,-125.81,31.51,-93.09,70.48,-3.76,-46.61,0.30429003,-0.08921,0.022530003,-0.994202,0.072476,0.079434,0.107265,0.616675,0.779876,0.007538,0.783874,-0.620874,False,True,S1,True
S4_T4,1544801971.75,60.61,-125.81,31.51,-93.09,70.48,-3.76,-46.61,0.30429003,-0.08921,0.022530003,-0.994202,0.072476,0.079434,0.107265,0.616675,0.779876,0.007538,0.783874,-0.620874,False,True,S1,True
S4_T4,1544801971.75,60.61,-125.81,31.51,-93.09,70.48,-3.76,-46.61,0.30429003,-0.08921,0.022530003,-0.994202,0.072476,0.079434,0.107265,0.616675,0.779876,0.007538,0.783874,-0.620874,False,True,S1,True
S4_T4,1544801971.9,60.91,-125.7,31.02,-92.8,70.5,-4.24,-46.61,0.30611,-0.09018,0.02156,-0.99442,0.067072,0.081426,0.105467,0.614926,0.7815,0.002346,0.785727,-0.618568,False,True,S1,True
S4_T4,1544801971.9,60.91,-125.7,31.02,-92.8,70.5,-4.24,-46.61,0.30611,-0.09018,0.02156,-0.99442,0.067072,0.081426,0.105467,0.614926,0.7815,0.002346,0.785727,-0.618568,False,True,S1,True
S4_T4,1544801971.9,60.91,-125.7,31.02,-92.8,70.5,-4.24,-46.61,0.30611,-0.09018,0.02156,-0.99442,0.067072,0.081426,0.105467,0.614926,0.7815,0.002346,0.785727,-0.618568,False,True,S1,True
S4_T4,1544801972.03,61.01,-125.66,30.9,-92.72,70.51,-4.36,-46.61,0.30624,-0.09018,0.02125,-0.9948,0.063742,0.079429,0.101843,0.620824,0.777307,0.000236,0.781354,-0.624087,False,True,S1,True
S4_T4,1544801972.03,61.01,-125.66,30.9,-92.72,70.51,-4.36,-46.61,0.30624,-0.09018,0.02125,-0.9948,0.063742,0.079429,0.101843,0.620824,0.777307,0.000236,0.781354,-0.624087,False,True,S1,True
S4_T4,1544801972.14,61.13,-125.67,31.02,-93.33,70.54,-4.2,-46.61,0.30624,-0.09029,0.020270001,-0.9948,0.063742,0.079429,0.101843,0.620824,0.777307,0.000236,0.781354,-0.624087,False,True,S1,True
S4_T4,1544801972.14,61.13,-125.67,31.02,-93.33,70.54,-4.2,-46.61,0.30624,-0.09029,0.020270001,-0.9948,0.063742,0.079429,0.101843,0.620824,0.777307,0.000236,0.781354,-0.624087,False,True,S1,True
S4_T4,1544801972.14,61.13,-125.67,31.02,-93.33,70.54,-4.2,-46.61,0.30624,-0.09029,0.020270001,-0.9948,0.063742,0.079429,0.101843,0.620824,0.777307,0.000236,0.781354,-0.624087,False,True,S1,True
S4_T4,1544801972.27,61.16,-125.68,31.05,-93.58,70.42,-4.2,-46.61,0.30714002,-0.08996,0.018430002,-0.994879,0.057914,0.082835,0.100805,0.628123,0.771557,-0.007346,0.775956,-0.630744,False,True,S1,True
S4_T4,1544801972.27,61.16,-125.68,31.05,-93.58,70.42,-4.2,-46.61,0.30714002,-0.08996,0.018430002,-0.994879,0.057914,0.082835,0.100805,0.628123,0.771557,-0.007346,0.775956,-0.630744,False,True,S1,True
S4_T4,1544801972.38,61.3,-125.73,31.15,-94.19,70.04,-4.19,-46.61,0.30724,-0.08959,0.0181,-0.994879,0.057914,0.082835,0.100805,0.628123,0.771557,-0.007346,0.775956,-0.630744,False,True,S1,True
S4_T4,1544801972.38,61.3,-125.73,31.15,-94.19,70.04,-4.19,-46.61,0.30724,-0.08959,0.0181,-0.994879,0.057914,0.082835,0.100805,0.628123,0.771557,-0.007346,0.775956,-0.630744,False,True,S1,True
S4_T4,1544801972.51,61.36,-125.77,31.35,-94.91,69.7,-3.85,-46.61,0.30797002,-0.089480005,0.01671,-0.994673,0.056573,0.086172,0.10245,0.635063,0.765637,-0.01141,0.770386,-0.637475,False,True,S1,True
S4_T4,1544801972.51,61.36,-125.77,31.35,-94.91,69.7,-3.85,-46.61,0.30797002,-0.089480005,0.01671,-0.994673,0.056573,0.086172,0.10245,0.635063,0.765637,-0.01141,0.770386,-0.637475,False,True,S1,True
S4_T4,1544801972.51,61.36,-125.77,31.35,-94.91,69.7,-3.85,-46.61,0.30797002,-0.089480005,0.01671,-0.994673,0.056573,0.086172,0.10245,0.635063,0.765637,-0.01141,0.770386,-0.637475,False,True,S1,True
S4_T4,1544801972.63,61.43,-125.77,31.34,-94.93,69.9,-3.66,-46.61,0.30729002,-0.08928,0.01655,-0.994802,0.06444,0.078841,0.101823,0.634679,0.766038,-0.000676,0.770084,-0.637942,False,True,S1,True
S4_T4,1544801972.63,61.43,-125.77,31.34,-94.93,69.9,-3.66,-46.61,0.30729002,-0.08928,0.01655,-0.994802,0.06444,0.078841,0.101823,0.634679,0.766038,-0.000676,0.770084,-0.637942,False,True,S1,True
S4_T4,1544801972.73,61.56,-125.74,31.28,-94.99,70.23,-3.31,-46.61,0.30716002,-0.089260004,0.01647,-0.994802,0.06444,0.078841,0.101823,0.634679,0.766038,-0.000676,0.770084,-0.637942,False,True,S1,True
S4_T4,1544801972.73,61.56,-125.74,31.28,-94.99,70.23,-3.31,-46.61,0.30716002,-0.089260004,0.01647,-0.994802,0.06444,0.078841,0.101823,0.634679,0.766038,-0.000676,0.770084,-0.637942,False,True,S1,True
S4_T4,1544801972.73,61.56,-125.74,31.28,-94.99,70.23,-3.31,-46.61,0.30716002,-0.089260004,0.01647,-0.994802,0.06444,0.078841,0.101823,0.634679,0.766038,-0.000676,0.770084,-0.637942,False,True,S1,True
S4_T4,1544801972.89,61.57,-125.74,31.15,-94.86,70.27,-3.43,-46.61,0.30554003,-0.08867,0.01571,-0.995224,0.06497,0.072856,0.097525,0.629276,0.771039,0.004248,0.774462,-0.632607,False,True,S1,True
S4_T4,1544801972.89,61.57,-125.74,31.15,-94.86,70.27,-3.43,-46.61,0.30554003,-0.08867,0.01571,-0.995224,0.06497,0.072856,0.097525,0.629276,0.771039,0.004248,0.774462,-0.632607,False,True,S1,True
