S6_T4,1544821866.84,78.52,-119.18,30.83,-89.89,91.74,8.73,-46.61,0.35351002,-0.057450004,0.07827,-0.992466,0.032679,-0.118082,-0.078623,0.569294,0.818366,0.093967,0.821484,-0.562436,True,False,NA,NA
S6_T4,1544821866.94,78.52,-119.18,30.83,-89.89,91.74,8.73,-46.61,0.35351002,-0.057450004,0.07827,-0.992466,0.032679,-0.118082,-0.078623,0.569294,0.818366,0.093967,0.821484,-0.562436,True,False,NA,NA
S6_T4,1544821867.02,78.52,-119.18,30.83,-89.89,91.74,8.73,-46.61,0.35351002,-0.057450004,0.07827,-0.992466,0.032679,-0.118082,-0.078623,0.569294,0.818366,0.093967,0.821484,-0.562436,True,False,NA,NA
S6_T4,1544821867.11,78.52,-119.18,30.83,-89.89,91.74,8.73,-46.61,0.35351002,-0.057450004,0.07827,-0.992466,0.032679,-0.118082,-0.078623,0.569294,0.818366,0.093967,0.821484,-0.562436,True,False,NA,NA
S6_T4,1544821867.21,78.52,-119.18,30.83,-89.89,91.74,8.73,-46.61,0.35351002,-0.057450004,0.07827,-0.992466,0.032679,-0.118082,-0.078623,0.569294,0.818366,0.093967,0.821484,-0.562436,True,False,NA,NA
S6_T4,1544821867.3,78.52,-119.18,30.83,-89.89,91.74,8.73,-46.61,0.35351002,-0.057450004,0.07827,-0.992466,0.032679,-0.118082,-0.078623,0.569294,0.818366,0.093967,0.821484,-0.562436,True,False,NA,NA
S6_T4,1544821867.47,78.52,-119.18,30.83,-89.89,91.74,8.73,-46.61,0.35351002,-0.057450004,0.07827,-0.992466,0.032679,-0.118082,-0.078623,0.569294,0.818366,0.093967,0.821484,-0.562436,True,False,NA,NA
S6_T4,1544821867.47,78.52,-119.18,30.83,-89.89,91.74,8.73,-46.61,0.35351002,-0.057450004,0.07827,-0.992466,0.032679,-0.118082,-0.078623,0.569294,0.818366,0.093967,0.821484,-0.562436,True,False,NA,NA
S6_T4,1544821867.47,78.52,-119.18,30.83,-89.89,91.74,8.73,-46.61,0.35351002,-0.057450004,0.07827,-0.992466,0.032679,-0.118082,-0.078623,0.569294,0.818366,0.093967,0.821484,-0.562436,True,False,NA,NA
S6_T4,1544821867.47,78.52,-119.18,30.83,-89.89,91.74,8.73,-46.61,0.35351002,-0.057450004,0.07827,-0.992466,0.032679,-0.118082,-0.078623,0.569294,0.818366,0.093967,0.821484,-0.562436,True,False,NA,NA
S6_T4,1544821868.03,78.52,-119.18,30.83,-89.89,91.74,8.73,-46.61,0.35351002,-0.057450004,0.07827,-0.992466,0.032679,-0.118082,-0.078623,0.569294,0.818366,0.093967,0.821484,-0.562436,False,False,NA,NA
S6_T4,1544821868.03,78.52,-119.18,30.83,-89.89,91.74,8.73,-46.61,0.35351002,-0.057450004,0.07827,-0.992466,0.032679,-0.118082,-0.078623,0.569294,0.818366,0.093967,0.821484,-0.562436,False,False,NA,NA
S6_T4,1544821868.03,78.52,-119.18,30.83,-89.89,91.74,8.73,-46.61,0.35351002,-0.057450004,0.07827,-0.992466,0.032679,-0.118082,-0.078623,0.569294,0.818366,0.093967,0.821484,-0.562436,False,False,NA,NA
S6_T4,1544821868.03,78.52,-119.18,30.83,-89.89,91.74,8.73,-46.61,0.35351002,-0.057450004,0.07827,-0.992466,0.032679,-0.118082,-0.078623,0.569294,0.818366,0.093967,0.821484,-0.562436,False,False,NA,NA
S6_T4,1544821868.12,78.52,-119.18,30.83,-89.89,91.74,8.73,-46.61,0.35351002,-0.057450004,0.07827,-0.992466,0.032679,-0.118082,-0.078623,0.569294,0.818366,0.093967,0.821484,-0.562436,False,False,NA,NA
S6_T4,1544821868.2,78.52,-119.18,30.83,-89.89,91.74,8.73,-46.61,0.35351002,-0.057450004,0.07827,-0.992466,0.032679,-0.118082,-0.078623,0.569294,0.818366,0.093967,0.821484,-0.562436,False,False,NA,NA
S6_T4,1544821868.29,78.52,-119.18,30.83,-89.89,91.74,8.73,-46.61,0.35351002,-0.057450004,0.07827,-0.992466,0.032679,-0.118082,-0.078623,0.569294,0.818366,0.093967,0.821484,-0.562436,False,False,NA,NA
S6_T4,1544821868.38,78.52,-119.18,30.83,-89.89,91.74,8.73,-46.61,0.35351002,-0.057450004,0.07827,-0.992466,0.032679,-0.118082,-0.078623,0.569294,0.818366,0.093967,0.821484,-0.562436,False,False,NA,NA
S6_T4,1544821868.38,78.52,-119.18,30.83,-89.89,91.74,8.73,-46.61,0.35351002,-0.057450004,0.07827,-0.992466,0.032679,-0.118082,-0.078623,0.569294,0.818366,0.093967,0.821484,-0.562436,False,False,NA,NA
S6_T4,1544821868.47,78.52,-119.18,30.83,-89.89,91.74,8.73,-46.61,0.35351002,-0.057450004,0.07827,-0.992466,0.032679,-0.118082,-0.078623,0.569294,0.818366,0.093967,0.821484,-0.562436,False,False,NA,NA
S6_T4,1544821868.55,78.52,-119.18,30.83,-89.89,91.74,8.73,-46.61,0.35351002,-0.057450004,0.07827,-0.992466,0.032679,-0.118082,-0.078623,0.569294,0.818366,0.093967,0.821484,-0.562436,False,False,NA,NA
S6_T4,1544821868.64,78.52,-119.18,30.83,-89.89,91.74,8.73,-46.61,0.35351002,-0.057450004,0.07827,-0.992466,0.032679,-0.118082,-0.078623,0.569294,0.818366,0.093967,0.821484,-0.562436,False,False,NA,NA
S6_T4,1544821868.64,78.52,-119.18,30.83,-89.89,91.74,8.73,-46.61,0.35351002,-0.057450004,0.07827,-0.992466,0.032679,-0.118082,-0.078623,0.569294,0.818366,0.093967,0.821484,-0.562436,False,False,NA,NA
S6_T4,1544821868.73,78.52,-119.18,30.83,-89.89,91.74,8.73,-46.61,0.35351002,-0.057450004,0.07827,-0.992466,0.032679,-0.118082,-0.078623,0.569294,0.818366,0.093967,0.821484,-0.562436,False,False,NA,NA
S6_T4,1544821868.82,78.52,-119.18,30.83,-89.89,91.74,8.73,-46.61,0.35351002,-0.057450004,0.07827,-0.992466,0.032679,-0.118082,-0.078623,0.569294,0.818366,0.093967,0.821484,-0.562436,False,False,NA,NA
S6_T4,1544821868.91,78.52,-119.18,30.83,-89.89,91.74,8.73,-46.61,0.35351002,-0.057450004,0.07827,-0.992466,0.032679,-0.118082,-0.078623,0.569294,0.818366,0.093967,0.821484,-0.562436,False,False,NA,NA
S6_T4,1544821868.91,78.52,-119.18,30.83,-89.89,91.74,8.73,-46.61,0.35351002,-0.057450004,0.07827,-0.992466,0.032679,-0.118082,-0.078623,0.569294,0.818366,0.093967,0.821484,-0.562436,False,False,NA,NA
S6_T4,1544821869.0,78.52,-119.18,30.83,-89.89,91.74,8.73,-46.61,0.35351002,-0.057450004,0.07827,-0.992466,0.032679,-0.118082,-0.078623,0.569294,0.818366,0.093967,0.821484,-0.562436,False,False,NA,NA
S6_T4,1544821869.09,78.52,-119.18,30.83,-89.89,91.74,8.73,-46.61,0.35351002,-0.057450004,0.07827,-0.992466,0.032679,-0.118082,-0.078623,0.569294,0.818366,0.093967,0.821484,-0.562436,False,False,NA,NA
S6_T4,1544821869.18,78.52,-119.18,30.83,-89.89,91.74,8.73,-46.61,0.35351002,-0.057450004,0.07827,-0.992466,0.032679,-0.118082,-0.078623,0.569294,0.818366,0.093967,0.821484,-0.562436,False,False,NA,NA
S6_T4,1544821869.26,78.52,-119.18,30.83,-89.89,91.74,8.73,-46.61,0.35351002,-0.057450004,0.07827,-0.992466,0.032679,-0.118082,-0.078623,0.569294,0.818366,0.093967,0.821484,-0.562436,False,False,NA,NA
S6_T4,1544821869.26,78.52,-119.18,30.83,-89.89,91.74,8.73,-46.61,0.35351002,-0.057450004,0.07827,-0.992466,0.032679,-0.118082,-0.078623,0.569294,0.818366,0.093967,0.821484,-0.562436,False,False,NA,NA
S6_T4,1544821869.36,78.52,-119.18,30.83,-89.89,91.74,8.73,-46.61,0.35351002,-0.057450004,0.07827,-0.992466,0.032679,-0.118082,-0.078623,0.569294,0.818366,0.093967,0.821484,-0.562436,False,False,NA,NA
S6_T4,1544821869.45,78.52,-119.18,30.83,-89.89,91.74,8.73,-46.61,0.35351002,-0.057450004,0.07827,-0.992466,0.032679,-0.118082,-0.078623,0.569294,0.818366,0.093967,0.821484,-0.562436,False,False,NA,NA
S6_T4,1544821869.54,78.52,-119.18,30.83,-89.89,91.74,8.73,-46.61,0.35351002,-0.057450004,0.07827,-0.992466,0.032679,-0.118082,-0.078623,0.569294,0.818366,0.093967,0.821484,-0.562436,False,False,NA,NA
S6_T4,1544821869.54,78.52,-119.18,30.83,-89.89,91.74,8.73,-46.61,0.35351002,-0.057450004,0.07827,-0.992466,0.032679,-0.118082,-0.078623,0.569294,0.818366,0.093967,0.821484,-0.562436,False,False,NA,NA
S6_T4,1544821869.63,78.52,-119.18,30.83,-89.89,91.74,8.73,-46.61,0.35351002,-0.057450004,0.07827,-0.992466,0.032679,-0.118082,-0.078623,0.569294,0.818366,0.093967,0.821484,-0.562436,False,False,NA,NA
S6_T4,1544821869.63,78.52,-119.18,30.83,-89.89,91.74,8.73,-46.61,0.35351002,-0.057450004,0.07827,-0.992466,0.032679,-0.118082,-0.078623,0.569294,0.818366,0.093967,0.821484,-0.562436,False,False,NA,NA
S6_T4,1544821869.73,78.52,-119.18,30.83,-89.89,91.74,8.73,-46.61,0.35351002,-0.057450004,0.07827,-0.992466,0.032679,-0.118082,-0.078623,0.569294,0.818366,0.093967,0.821484,-0.562436,False,False,NA,NA
S6_T4,1544821869.81,78.52,-119.18,30.83,-89.89,91.74,8.73,-46.61,0.35351002,-0.057450004,0.07827,-0.992466,0.032679,-0.118082,-0.078623,0.569294,0.818366,0.093967,0.821484,-0.562436,False,False,NA,NA
S6_T4,1544821869.91,78.52,-119.18,30.83,-89.89,91.74,8.73,-46.61,0.35351002,-0.057450004,0.07827,-0.992466,0.032679,-0.118082,-0.078623,0.569294,0.818366,0.093967,0.821484,-0.562436,False,False,NA,NA
S6_T4,1544821869.99,78.52,-119.18,30.83,-89.89,91.74,8.73,-46.61,0.35351002,-0.057450004,0.07827,-0.992466,0.032679,-0.118082,-0.078623,0.569294,0.818366,0.093967,0.821484,-0.562436,False,False,NA,NA
S6_T4,1544821869.99,78.52,-119.18,30.83,-89.89,91.74,8.73,-46.61,0.35351002,-0.057450004,0.07827,-0.992466,0.032679,-0.118082,-0.078623,0.569294,0.818366,0.093967,0.821484,-0.562436,False,False,NA,NA
S6_T4,1544821870.17,78.52,-119.18,30.83,-89.89,91.74,8.73,-46.61,0.35351002,-0.057450004,0.07827,-0.992466,0.032679,-0.118082,-0.078623,0.569294,0.818366,0.093967,0.821484,-0.562436,False,False,NA,NA
S6_T4,1544821870.17,78.52,-119.18,30.83,-89.89,91.74,8.73,-46.61,0.35351002,-0.057450004,0.07827,-0.992466,0.032679,-0.118082,-0.078623,0.569294,0.818366,0.093967,0.821484,-0.562436,False,False,NA,NA
S6_T4,1544821870.3,78.52,-119.18,30.83,-89.89,91.74,8.73,-46.61,0.35351002,-0.057460003,0.07828,-0.992466,0.032679,-0.118082,-0.078623,0.569294,0.818366,0.093967,0.821484,-0.562436,False,False,NA,NA
S6_T4,1544821870.39,78.51,-119.18,30.83,-89.87,91.75,8.73,-46.61,0.35351002,-0.057520002,0.07833,-0.992466,0.032679,-0.118082,-0.078623,0.569294,0.818366,0.093967,0.821484,-0.562436,False,False,NA,NA
S6_T4,1544821870.39,78.51,-119.18,30.83,-89.87,91.75,8.73,-46.61,0.35351002,-0.057520002,0.07833,-0.992466,0.032679,-0.118082,-0.078623,0.569294,0.818366,0.093967,0.821484,-0.562436,False,False,NA,NA
S6_T4,1544821870.53,78.4,-119.21,30.77,-89.65,91.54,8.79,-46.61,0.35365,-0.057570003,0.07855,-0.992604,0.038239,-0.115217,-0.07354,0.565725,0.821308,0.096587,0.823707,-0.558728,False,False,NA,NA
S6_T4,1544821870.53,78.4,-119.21,30.77,-89.65,91.54,8.79,-46.61,0.35365,-0.057570003,0.07855,-0.992604,0.038239,-0.115217,-0.07354,0.565725,0.821308,0.096587,0.823707,-0.558728,False,False,NA,NA
S6_T4,1544821870.63,78.38,-119.23,30.75,-89.64,91.51,8.8,-46.61,0.35363004,-0.057550002,0.07855,-0.992604,0.038239,-0.115217,-0.07354,0.565725,0.821308,0.096587,0.823707,-0.558728,False,False,NA,NA
S6_T4,1544821870.72,78.03,-119.34,30.76,-89.68,91.13,8.21,-46.61,0.3538,-0.059680004,0.077470005,-0.993885,0.028983,-0.106553,-0.071383,0.567582,0.820216,0.08425,0.822806,-0.562043,False,False,NA,NA
S6_T4,1544821870.83,77.89,-119.4,30.78,-89.7,90.99,7.98,-46.61,0.35373002,-0.060140003,0.07727,-0.993879,0.028901,-0.106628,-0.071341,0.569039,0.81921,0.084352,0.821802,-0.563494,False,False,NA,NA
S6_T4,1544821870.83,77.89,-119.4,30.78,-89.7,90.99,7.98,-46.61,0.35373002,-0.060140003,0.07727,-0.993879,0.028901,-0.106628,-0.071341,0.569039,0.81921,0.084352,0.821802,-0.563494,False,False,NA,NA
S6_T4,1544821870.95,77.6,-119.48,30.9,-89.86,90.88,7.25,-46.61,0.35347003,-0.061880004,0.07658,-0.99449,0.017974,-0.10328,-0.074594,0.5709,0.817624,0.073658,0.820823,-0.566414,False,False,NA,NA
S6_T4,1544821871.04,77.58,-119.48,30.9,-89.86,90.88,7.25,-46.61,0.35340002,-0.062220003,0.07649,-0.994485,0.01789,-0.103343,-0.074563,0.572354,0.81661,0.073758,0.819811,-0.567864,False,False,NA,NA
S6_T4,1544821871.04,77.58,-119.48,30.9,-89.86,90.88,7.25,-46.61,0.35340002,-0.062220003,0.07649,-0.994485,0.01789,-0.103343,-0.074563,0.572354,0.81661,0.073758,0.819811,-0.567864,False,False,NA,NA
S6_T4,1544821871.16,77.29,-119.55,30.98,-89.94,90.76,7.01,-46.61,0.35324,-0.06394,0.07593001,-0.99488,0.015903,-0.0998,-0.072602,0.574479,0.815293,0.070299,0.818365,-0.570383,False,False,NA,NA
S6_T4,1544821871.25,77.28,-119.56,30.98,-89.95,90.75,7.01,-46.61,0.35315,-0.06411,0.07569001,-0.994947,0.017534,-0.098863,-0.070707,0.57673,0.813869,0.071288,0.816747,-0.572576,False,False,NA,NA
S6_T4,1544821871.35,77.03,-119.69,31.1,-90.37,90.44,6.93,-46.61,0.35295004,-0.06521,0.073970005,-0.995193,0.018175,-0.096227,-0.067868,0.580379,0.811513,0.070598,0.814144,-0.576356,False,False,NA,NA
S6_T4,1544821871.35,77.03,-119.69,31.1,-90.37,90.44,6.93,-46.61,0.35295004,-0.06521,0.073970005,-0.995193,0.018175,-0.096227,-0.067868,0.580379,0.811513,0.070598,0.814144,-0.576356,False,False,NA,NA
S6_T4,1544821871.48,77.03,-119.69,31.11,-90.4,90.44,6.93,-46.61,0.35299,-0.06538,0.07361001,-0.995374,0.010381,-0.09551,-0.070939,0.591018,0.803533,0.06479,0.806592,-0.587548,False,False,NA,NA
S6_T4,1544821871.59,77.17,-119.7,31.56,-91.52,90.49,7.04,-46.61,0.35340002,-0.0656,0.071710005,-0.995304,0.008384,-0.096431,-0.072575,0.59456,0.800769,0.064047,0.804008,-0.59116,False,False,NA,NA
S6_T4,1544821871.59,77.17,-119.7,31.56,-91.52,90.49,7.04,-46.61,0.35340002,-0.0656,0.071710005,-0.995304,0.008384,-0.096431,-0.072575,0.59456,0.800769,0.064047,0.804008,-0.59116,False,False,NA,NA
S6_T4,1544821871.72,77.2,-119.71,31.66,-91.95,90.49,7.0,-46.61,0.35353002,-0.06615,0.06988,-0.995422,0.000594,-0.095575,-0.07574,0.605024,0.792597,0.058296,0.796207,-0.602209,False,False,NA,NA
S6_T4,1544821871.72,77.2,-119.71,31.66,-91.95,90.49,7.0,-46.61,0.35353002,-0.06615,0.06988,-0.995422,0.000594,-0.095575,-0.07574,0.605024,0.792597,0.058296,0.796207,-0.602209,False,False,NA,NA
S6_T4,1544821871.82,77.33,-119.77,31.99,-93.33,90.47,6.74,-46.61,0.35353002,-0.066640005,0.0665,-0.995391,-0.008979,-0.095483,-0.080771,0.615275,0.784164,0.051707,0.788261,-0.613164,False,False,NA,NA
S6_T4,1544821871.93,77.2,-119.9,31.7,-93.42,90.04,6.07,-46.61,0.35267004,-0.06624,0.06424,-0.99545,-0.011438,-0.094594,-0.081804,0.611636,0.786898,0.048856,0.791056,-0.609789,False,True,S1,True
S6_T4,1544821871.93,77.2,-119.9,31.7,-93.42,90.04,6.07,-46.61,0.35267004,-0.06624,0.06424,-0.99545,-0.011438,-0.094594,-0.081804,0.611636,0.786898,0.048856,0.791056,-0.609789,False,True,S1,True
S6_T4,1544821872.04,77.18,-119.92,31.67,-93.42,90.01,6.02,-46.61,0.35256,-0.066070005,0.06391,-0.995604,-0.012408,-0.092838,-0.080924,0.613023,0.78591,0.04716,0.789968,-0.611332,False,True,S1,True
S6_T4,1544821872.13,77.1,-120.09,31.64,-94.04,89.42,5.39,-46.61,0.35253,-0.06572001,0.06105,-0.995838,-0.018834,-0.089177,-0.081797,0.616284,0.783264,0.040206,0.787299,-0.61526,False,True,S1,True
S6_T4,1544821872.25,77.09,-120.09,31.64,-94.05,89.41,5.38,-46.61,0.35247,-0.06571,0.060950004,-0.995838,-0.018834,-0.089177,-0.081797,0.616284,0.783264,0.040206,0.787299,-0.61526,False,True,S1,True
S6_T4,1544821872.25,77.09,-120.09,31.64,-94.05,89.41,5.38,-46.61,0.35247,-0.06571,0.060950004,-0.995838,-0.018834,-0.089177,-0.081797,0.616284,0.783264,0.040206,0.787299,-0.61526,False,True,S1,True
S6_T4,1544821872.35,77.1,-120.17,31.29,-94.48,89.04,4.89,-46.61,0.35191002,-0.06555001,0.05693,-0.995869,-0.021614,-0.088186,-0.082632,0.618265,0.781614,0.037628,0.785673,-0.617497,False,True,S1,True
S6_T4,1544821872.48,77.13,-120.25,30.97,-94.82,88.71,4.42,-46.61,0.35164005,-0.06524,0.05428,-0.995901,-0.026953,-0.086336,-0.084485,0.618019,0.781611,0.032291,0.785701,-0.617763,False,True,S1,True
S6_T4,1544821872.48,77.13,-120.25,30.97,-94.82,88.71,4.42,-46.61,0.35164005,-0.06524,0.05428,-0.995901,-0.026953,-0.086336,-0.084485,0.618019,0.781611,0.032291,0.785701,-0.617763,False,True,S1,True
S6_T4,1544821872.59,77.09,-120.31,30.13,-94.91,88.1,3.1,-46.61,0.35135,-0.06598001,0.049830005,-0.995905,-0.032201,-0.084477,-0.086323,0.616352,0.782725,0.026863,0.786812,-0.616608,False,True,S1,True
S6_T4,1544821872.59,77.09,-120.31,30.13,-94.91,88.1,3.1,-46.61,0.35135,-0.06598001,0.049830005,-0.995905,-0.032201,-0.084477,-0.086323,0.616352,0.782725,0.026863,0.786812,-0.616608,False,True,S1,True
S6_T4,1544821872.72,76.97,-120.46,30.03,-95.22,87.62,2.47,-46.61,0.35089004,-0.06545,0.047450002,-0.995951,-0.041171,-0.079912,-0.088244,0.617339,0.781732,0.017148,0.785619,-0.618473,False,True,S1,True
S6_T4,1544821872.8,76.91,-120.53,30.01,-95.35,87.42,2.23,-46.61,0.35073003,-0.06536,0.047060005,-0.995951,-0.041171,-0.079912,-0.088244,0.617339,0.781732,0.017148,0.785619,-0.618473,False,True,S1,True
S6_T4,1544821872.93,77.01,-120.54,29.72,-95.72,86.91,2.07,-46.61,0.35199,-0.06486,0.043890003,-0.996536,-0.040364,-0.072706,-0.082025,0.621009,0.779499,0.013687,0.782763,-0.622169,False,True,S1,True
S6_T4,1544821872.93,77.01,-120.54,29.72,-95.72,86.91,2.07,-46.61,0.35199,-0.06486,0.043890003,-0.996536,-0.040364,-0.072706,-0.082025,0.621009,0.779499,0.013687,0.782763,-0.622169,False,True,S1,True
S6_T4,1544821873.03,77.11,-120.56,29.56,-95.94,86.62,1.96,-46.61,0.35223004,-0.06434,0.04298,-0.99663,-0.041234,-0.070909,-0.081161,0.620992,0.779604,0.011888,0.782732,-0.622245,False,True,S1,True
S6_T4,1544821873.14,76.91,-120.73,29.63,-96.51,85.63,1.84,-46.61,0.35351002,-0.06441001,0.040480003,-0.997301,-0.042194,-0.060085,-0.07326,0.626022,0.776356,0.004857,0.778663,-0.627424,False,True,S1,True
S6_T4,1544821873.14,76.91,-120.73,29.63,-96.51,85.63,1.84,-46.61,0.35351002,-0.06441001,0.040480003,-0.997301,-0.042194,-0.060085,-0.07326,0.626022,0.776356,0.004857,0.778663,-0.627424,False,True,S1,True
S6_T4,1544821873.14,76.91,-120.73,29.63,-96.51,85.63,1.84,-46.61,0.35351002,-0.06441001,0.040480003,-0.997301,-0.042194,-0.060085,-0.07326,0.626022,0.776356,0.004857,0.778663,-0.627424,False,True,S1,True
S6_T4,1544821873.25,76.88,-120.75,29.64,-96.53,85.58,1.84,-46.61,0.35385004,-0.06451,0.04019,-0.997689,-0.040307,-0.054696,-0.067877,0.626872,0.77616,0.003002,0.778079,-0.62816,False,True,S1,True
S6_T4,1544821873.34,76.65,-120.87,29.41,-96.63,84.74,1.76,-46.61,0.35431,-0.06508,0.038370002,-0.998093,-0.035767,-0.050318,-0.061618,0.627139,0.776466,0.003785,0.778086,-0.628147,False,True,S1,True
S6_T4,1544821873.44,76.66,-120.87,29.4,-96.63,84.75,1.76,-46.61,0.35428002,-0.06508,0.038270004,-0.998198,-0.033965,-0.049459,-0.059818,0.627225,0.776537,0.004647,0.778097,-0.628127,False,True,S1,True
S6_T4,1544821873.44,76.66,-120.87,29.4,-96.63,84.75,1.76,-46.61,0.35428002,-0.06508,0.038270004,-0.998198,-0.033965,-0.049459,-0.059818,0.627225,0.776537,0.004647,0.778097,-0.628127,False,True,S1,True
S6_T4,1544821873.53,76.71,-120.85,29.02,-96.76,84.25,1.6,-46.61,0.35563,-0.06554,0.03626,-0.99851,-0.032086,-0.044135,-0.054496,0.627367,0.776815,0.002764,0.778062,-0.628181,False,True,S1,True
S6_T4,1544821873.63,76.72,-120.85,29.01,-96.76,84.24,1.59,-46.61,0.35563,-0.06552,0.03618,-0.998559,-0.033002,-0.042321,-0.053658,0.62876,0.775746,0.001009,0.776899,-0.629625,False,True,S1,True
S6_T4,1544821873.72,76.69,-120.93,29.15,-97.6,83.41,1.69,-46.61,0.35774,-0.06588,0.03347,-0.998934,-0.033864,-0.031364,-0.045762,0.637848,0.768801,-0.006029,0.769417,-0.638718,False,True,S1,True
S6_T4,1544821873.72,76.69,-120.93,29.15,-97.6,83.41,1.69,-46.61,0.35774,-0.06588,0.03347,-0.998934,-0.033864,-0.031364,-0.045762,0.637848,0.768801,-0.006029,0.769417,-0.638718,False,True,S1,True
S6_T4,1544821873.82,76.66,-120.97,29.19,-97.72,83.29,1.72,-46.61,0.35776,-0.06584,0.033330005,-0.998934,-0.033864,-0.031364,-0.045762,0.637848,0.768801,-0.006029,0.769417,-0.638718,False,True,S1,True
S6_T4,1544821873.93,76.76,-121.0,29.41,-98.53,82.92,2.11,-46.61,0.35893002,-0.06558,0.03156,-0.999068,-0.033872,-0.026742,-0.042289,0.644762,0.763212,-0.008609,0.763632,-0.645594,False,True,S1,True
S6_T4,1544821874.03,76.76,-121.0,29.41,-98.54,82.91,2.11,-46.61,0.35897002,-0.06552,0.03152,-0.999068,-0.033872,-0.026742,-0.042289,0.644762,0.763212,-0.008609,0.763632,-0.645594,False,True,S1,True
S6_T4,1544821874.03,76.76,-121.0,29.41,-98.54,82.91,2.11,-46.61,0.35897002,-0.06552,0.03152,-0.999068,-0.033872,-0.026742,-0.042289,0.644762,0.763212,-0.008609,0.763632,-0.645594,False,True,S1,True
S6_T4,1544821874.13,77.04,-120.93,28.98,-98.95,82.74,1.9,-46.61,0.3599,-0.06576,0.028620003,-0.999001,-0.036581,-0.025687,-0.043281,0.648095,0.760329,-0.011166,0.760681,-0.64903,False,True,S1,True
S6_T4,1544821874.22,77.06,-120.92,28.96,-98.97,82.74,1.88,-46.61,0.35989004,-0.06575,0.028490001,-0.999001,-0.036581,-0.025687,-0.043281,0.648095,0.760329,-0.011166,0.760681,-0.64903,False,True,S1,True
S6_T4,1544821874.33,77.15,-120.91,28.66,-99.2,82.67,1.33,-46.61,0.35991,-0.06639,0.026530001,-0.998731,-0.042941,-0.026325,-0.047951,0.650618,0.75789,-0.015418,0.75819,-0.651851,False,True,S1,True
S6_T4,1544821874.33,77.15,-120.91,28.66,-99.2,82.67,1.33,-46.61,0.35991,-0.06639,0.026530001,-0.998731,-0.042941,-0.026325,-0.047951,0.650618,0.75789,-0.015418,0.75819,-0.651851,False,True,S1,True
S6_T4,1544821874.42,77.15,-120.91,28.66,-99.2,82.67,1.34,-46.61,0.35983,-0.06634,0.02647,-0.998733,-0.042913,-0.026283,-0.047913,0.651252,0.757347,-0.015384,0.757647,-0.652483,False,True,S1,True
S6_T4,1544821874.53,77.09,-121.01,28.8,-99.62,82.47,1.2,-46.61,0.35943002,-0.06615,0.025290003,-0.998639,-0.045645,-0.025237,-0.048968,0.653916,0.754981,-0.017959,0.755189,-0.655261,False,True,S1,True
S6_T4,1544821874.53,77.09,-121.01,28.8,-99.62,82.47,1.2,-46.61,0.35943002,-0.06615,0.025290003,-0.998639,-0.045645,-0.025237,-0.048968,0.653916,0.754981,-0.017959,0.755189,-0.655261,False,True,S1,True
S6_T4,1544821874.63,77.08,-121.01,28.8,-99.62,82.47,1.2,-46.61,0.35925,-0.065960005,0.02513,-0.998639,-0.045645,-0.025237,-0.048968,0.653916,0.754981,-0.017959,0.755189,-0.655261,False,True,S1,True
S6_T4,1544821874.73,77.04,-121.12,28.8,-99.95,82.19,1.3,-46.61,0.35877,-0.06554,0.02371,-0.998742,-0.043839,-0.024337,-0.04715,0.656001,0.753286,-0.017058,0.753486,-0.657243,False,True,S1,True
S6_T4,1544821874.82,77.04,-121.12,28.8,-99.95,82.2,1.3,-46.61,0.35874,-0.06553,0.023690002,-0.998742,-0.043839,-0.024337,-0.04715,0.656001,0.753286,-0.017058,0.753486,-0.657243,False,True,S1,True
S6_T4,1544821874.91,76.94,-121.2,28.8,-100.23,82.23,1.15,-46.61,0.35733,-0.065910004,0.02226,-0.99863,-0.044884,-0.026881,-0.049827,0.659279,0.750245,-0.015952,0.750557,-0.660613,False,True,S1,True
S6_T4,1544821875.0,76.94,-121.21,28.81,-100.23,82.23,1.15,-46.61,0.35732,-0.065900005,0.02226,-0.99863,-0.044884,-0.026881,-0.049827,0.659279,0.750245,-0.015952,0.750557,-0.660613,False,True,S1,True
S6_T4,1544821875.12,76.84,-121.26,29.1,-100.72,82.65,1.05,-46.61,0.35543,-0.066910006,0.02143,-0.99815,-0.050633,-0.033662,-0.058813,0.663621,0.745753,-0.015421,0.746353,-0.665371,False,True,S1,True
S6_T4,1544821875.12,76.84,-121.26,29.1,-100.72,82.65,1.05,-46.61,0.35543,-0.066910006,0.02143,-0.99815,-0.050633,-0.033662,-0.058813,0.663621,0.745753,-0.015421,0.746353,-0.665371,False,False,NA,NA
S6_T4,1544821875.22,76.84,-121.27,29.1,-100.73,82.65,1.05,-46.61,0.35541,-0.066910006,0.021420002,-0.99815,-0.050633,-0.033662,-0.058813,0.663621,0.745753,-0.015421,0.746353,-0.665371,False,False,NA,NA
S6_T4,1544821875.32,76.91,-121.28,29.14,-101.3,82.78,0.74,-46.61,0.35477,-0.06738,0.01956,-0.997502,-0.05989,-0.037465,-0.067984,0.669722,0.739494,-0.019197,0.740193,-0.67212,False,False,NA,NA
S6_T4,1544821875.32,76.91,-121.28,29.14,-101.3,82.78,0.74,-46.61,0.35477,-0.06738,0.01956,-0.997502,-0.05989,-0.037465,-0.067984,0.669722,0.739494,-0.019197,0.740193,-0.67212,False,False,NA,NA
S6_T4,1544821875.42,76.92,-121.29,29.14,-101.33,82.78,0.73,-46.61,0.35477,-0.06735,0.019540003,-0.997518,-0.060757,-0.035597,-0.067222,0.67107,0.738341,-0.020971,0.738901,-0.673488,False,False,NA,NA
S6_T4,1544821875.52,76.83,-121.38,29.49,-101.96,82.46,0.54,-46.61,0.35532004,-0.06747001,0.01873,-0.997108,-0.068774,-0.032323,-0.070379,0.675338,0.734142,-0.028661,0.734294,-0.678226,False,False,NA,NA
S6_T4,1544821875.62,76.83,-121.38,29.49,-101.95,82.46,0.54,-46.61,0.35516003,-0.06733,0.018660001,-0.997108,-0.070379,-0.028661,-0.068774,0.675338,0.734294,-0.032323,0.734142,-0.678226,False,True,S2,True
S6_T4,1544821875.62,76.83,-121.38,29.49,-101.95,82.46,0.54,-46.61,0.35516003,-0.06733,0.018660001,-0.997108,-0.070379,-0.028661,-0.068774,0.675338,0.734294,-0.032323,0.734142,-0.678226,False,True,S2,True
S6_T4,1544821875.73,76.5,-121.65,29.88,-102.43,81.67,0.52,-46.61,0.35489002,-0.06648,0.01775,-0.997079,-0.072829,-0.023003,-0.066443,0.678619,0.731479,-0.037663,0.730871,-0.681476,False,True,S2,True
S6_T4,1544821875.82,76.5,-121.65,29.88,-102.43,81.67,0.52,-46.61,0.35470003,-0.06637,0.017670002,-0.997229,-0.071001,-0.022206,-0.064615,0.678745,0.731526,-0.036867,0.730934,-0.681452,False,True,S2,True
S6_T4,1544821875.93,76.15,-121.95,30.13,-102.85,80.62,0.49,-46.61,0.35465002,-0.0651,0.01634,-0.997421,-0.070536,-0.01328,-0.057762,0.679002,0.73186,-0.042605,0.73074,-0.681325,False,True,S2,True
S6_T4,1544821876.03,76.14,-121.95,30.14,-102.86,80.62,0.49,-46.61,0.35444003,-0.06492,0.01614,-0.99739,-0.071311,-0.011347,-0.056992,0.680933,0.730125,-0.044339,0.728865,-0.68322,False,True,S2,True
S6_T4,1544821876.03,76.14,-121.95,30.14,-102.86,80.62,0.49,-46.61,0.35444003,-0.06492,0.01614,-0.99739,-0.071311,-0.011347,-0.056992,0.680933,0.730125,-0.044339,0.728865,-0.68322,False,True,S2,True
S6_T4,1544821876.13,76.03,-122.09,30.36,-103.32,80.22,0.57,-46.61,0.35432002,-0.06434,0.015360001,-0.99735,-0.072143,-0.009452,-0.05626,0.682276,0.728927,-0.046138,0.727527,-0.684526,False,True,S2,True
S6_T4,1544821876.23,76.03,-122.09,30.36,-103.32,80.23,0.57,-46.61,0.35423002,-0.06424,0.015340001,-0.997205,-0.074011,-0.010181,-0.058156,0.683491,0.727638,-0.046894,0.726197,-0.685886,False,True,S2,True
S6_T4,1544821876.33,75.89,-122.23,30.59,-103.79,79.9,0.59,-46.61,0.35379001,-0.06402,0.01432,-0.997121,-0.075562,-0.006407,-0.056605,0.685417,0.725947,-0.050462,0.724219,-0.687721,False,True,S2,True
S6_T4,1544821876.33,75.89,-122.23,30.59,-103.79,79.9,0.59,-46.61,0.35379001,-0.06402,0.01432,-0.997121,-0.075562,-0.006407,-0.056605,0.685417,0.725947,-0.050462,0.724219,-0.687721,False,True,S2,True
S6_T4,1544821876.44,75.89,-122.23,30.59,-103.8,79.91,0.59,-46.61,0.35371,-0.063870005,0.013850001,-0.997071,-0.07635,-0.0044,-0.055923,0.688658,0.722927,-0.052165,0.721055,-0.690911,False,True,S2,True
S6_T4,1544821876.54,75.81,-122.36,30.78,-104.49,79.42,0.56,-46.61,0.35395002,-0.063760005,0.01257,-0.996809,-0.079813,-0.001365,-0.05633,0.691202,0.720463,-0.056559,0.71824,-0.693493,False,True,S2,True
S6_T4,1544821876.54,75.81,-122.36,30.78,-104.49,79.42,0.56,-46.61,0.35395002,-0.063760005,0.01257,-0.996809,-0.079813,-0.001365,-0.05633,0.691202,0.720463,-0.056559,0.71824,-0.693493,False,True,S2,True
S6_T4,1544821876.63,75.81,-122.36,30.78,-104.49,79.42,0.56,-46.61,0.35379001,-0.06377,0.012490001,-0.99675,-0.08055,0.00058,-0.055593,0.6931,0.718694,-0.058293,0.716326,-0.695326,False,True,S2,True
S6_T4,1544821876.73,75.4,-122.6,31.48,-105.27,78.84,0.66,-46.61,0.35376003,-0.06391,0.012370001,-0.996389,-0.084718,0.005587,-0.0553,0.697518,0.71443,-0.064422,0.711542,-0.699684,False,True,S2,True
S6_T4,1544821876.84,75.38,-122.61,31.48,-105.27,78.82,0.66,-46.61,0.35373002,-0.06383,0.012310001,-0.996141,-0.087053,0.011197,-0.053056,0.698869,0.71328,-0.069918,0.709933,-0.70079,False,True,S2,True
S6_T4,1544821876.94,75.08,-122.77,31.71,-105.46,78.2,0.46,-46.61,0.35373002,-0.063710004,0.012130001,-0.995957,-0.08859,0.014883,-0.051506,0.698896,0.713366,-0.073599,0.709715,-0.700634,False,True,S2,True
S6_T4,1544821876.94,75.08,-122.77,31.71,-105.46,78.2,0.46,-46.61,0.35373002,-0.063710004,0.012130001,-0.995957,-0.08859,0.014883,-0.051506,0.698896,0.713366,-0.073599,0.709715,-0.700634,False,True,S2,True
S6_T4,1544821877.04,75.08,-122.77,31.71,-105.46,78.2,0.46,-46.61,0.35373002,-0.06361,0.012020001,-0.996009,-0.087521,0.017499,-0.048892,0.699039,0.713411,-0.074671,0.709708,-0.700528,False,True,S2,True
S6_T4,1544821877.12,74.9,-122.88,31.77,-105.57,77.66,0.4,-46.61,0.354,-0.06342,0.01171,-0.995907,-0.088289,0.019342,-0.048117,0.699054,0.713448,-0.076511,0.709597,-0.700441,False,True,S2,True
S6_T4,1544821877.22,74.9,-122.88,31.77,-105.58,77.67,0.4,-46.61,0.35401002,-0.06344,0.01171,-0.995907,-0.088289,0.019342,-0.048117,0.699054,0.713448,-0.076511,0.709597,-0.700441,False,True,S2,True
S6_T4,1544821877.31,74.8,-122.87,31.88,-105.73,77.5,0.61,-46.61,0.35471,-0.06446,0.011670001,-0.99609,-0.085319,0.02292,-0.043826,0.702487,0.710345,-0.076707,0.706564,-0.70348,False,True,S2,True
S6_T4,1544821877.4,74.8,-122.87,31.88,-105.73,77.5,0.61,-46.61,0.35473004,-0.06445,0.01168,-0.99609,-0.085319,0.02292,-0.043826,0.702487,0.710345,-0.076707,0.706564,-0.70348,False,True,S2,True
S6_T4,1544821877.4,74.8,-122.87,31.88,-105.73,77.5,0.61,-46.61,0.35473004,-0.06445,0.01168,-0.99609,-0.085319,0.02292,-0.043826,0.702487,0.710345,-0.076707,0.706564,-0.70348,False,True,S2,True
S6_T4,1544821877.4,74.8,-122.87,31.88,-105.73,77.5,0.61,-46.61,0.35473004,-0.06445,0.01168,-0.99609,-0.085319,0.02292,-0.043826,0.702487,0.710345,-0.076707,0.706564,-0.70348,False,True,S2,True
S6_T4,1544821877.4,74.8,-122.87,31.88,-105.73,77.5,0.61,-46.61,0.35473004,-0.06445,0.01168,-0.99609,-0.085319,0.02292,-0.043826,0.702487,0.710345,-0.076707,0.706564,-0.70348,False,True,S2,True
S6_T4,1544821877.4,74.8,-122.87,31.88,-105.73,77.5,0.61,-46.61,0.35473004,-0.06445,0.01168,-0.99609,-0.085319,0.02292,-0.043826,0.702487,0.710345,-0.076707,0.706564,-0.70348,False,True,S2,True
S6_T4,1544821877.4,74.8,-122.87,31.88,-105.73,77.5,0.61,-46.61,0.35473004,-0.06445,0.01168,-0.99609,-0.085319,0.02292,-0.043826,0.702487,0.710345,-0.076707,0.706564,-0.70348,False,True,S2,True
S6_T4,1544821877.4,74.8,-122.87,31.88,-105.73,77.5,0.61,-46.61,0.35473004,-0.06445,0.01168,-0.99609,-0.085319,0.02292,-0.043826,0.702487,0.710345,-0.076707,0.706564,-0.70348,False,True,S2,True
S6_T4,1544821878.46,74.81,-122.87,31.88,-105.73,77.51,0.61,-46.61,0.35473004,-0.064430006,0.01169,-0.99609,-0.085319,0.02292,-0.043826,0.702487,0.710345,-0.076707,0.706564,-0.70348,True,True,S2,True
S6_T4,1544821878.46,74.81,-122.87,31.88,-105.73,77.51,0.61,-46.61,0.35473004,-0.064430006,0.01169,-0.99609,-0.085319,0.02292,-0.043826,0.702487,0.710345,-0.076707,0.706564,-0.70348,True,True,S2,True
S6_T4,1544821878.46,74.81,-122.87,31.88,-105.73,77.51,0.61,-46.61,0.35473004,-0.064430006,0.01169,-0.99609,-0.085319,0.02292,-0.043826,0.702487,0.710345,-0.076707,0.706564,-0.70348,True,True,S2,True
S6_T4,1544821878.46,74.81,-122.87,31.88,-105.73,77.51,0.61,-46.61,0.35473004,-0.064430006,0.01169,-0.99609,-0.085319,0.02292,-0.043826,0.702487,0.710345,-0.076707,0.706564,-0.70348,True,True,S2,True
S6_T4,1544821878.46,74.81,-122.87,31.88,-105.73,77.51,0.61,-46.61,0.35473004,-0.064430006,0.01169,-0.99609,-0.085319,0.02292,-0.043826,0.702487,0.710345,-0.076707,0.706564,-0.70348,True,True,S2,True
S6_T4,1544821878.46,74.81,-122.87,31.88,-105.73,77.51,0.61,-46.61,0.35473004,-0.064430006,0.01169,-0.99609,-0.085319,0.02292,-0.043826,0.702487,0.710345,-0.076707,0.706564,-0.70348,True,True,S2,True
S6_T4,1544821878.56,74.81,-122.87,31.88,-105.73,77.51,0.61,-46.61,0.35473004,-0.064430006,0.01169,-0.99609,-0.085319,0.02292,-0.043826,0.702487,0.710345,-0.076707,0.706564,-0.70348,True,True,S2,True
S6_T4,1544821878.65,74.81,-122.87,31.88,-105.73,77.51,0.61,-46.61,0.35473004,-0.064430006,0.01169,-0.99609,-0.085319,0.02292,-0.043826,0.702487,0.710345,-0.076707,0.706564,-0.70348,True,True,S2,True
S6_T4,1544821878.74,74.81,-122.87,31.88,-105.73,77.5,0.61,-46.61,0.35473004,-0.064430006,0.01169,-0.99609,-0.085319,0.02292,-0.043826,0.702487,0.710345,-0.076707,0.706564,-0.70348,True,True,S2,True
S6_T4,1544821878.84,74.81,-122.87,31.88,-105.73,77.51,0.61,-46.61,0.35473004,-0.064430006,0.01169,-0.99609,-0.085319,0.02292,-0.043826,0.702487,0.710345,-0.076707,0.706564,-0.70348,True,True,S2,True
S6_T4,1544821878.96,74.81,-122.87,31.88,-105.73,77.5,0.61,-46.61,0.35473004,-0.064430006,0.01169,-0.99609,-0.085319,0.02292,-0.043826,0.702487,0.710345,-0.076707,0.706564,-0.70348,True,True,S2,True
S6_T4,1544821879.08,74.81,-122.87,31.88,-105.73,77.51,0.61,-46.61,0.35473004,-0.064430006,0.01169,-0.99609,-0.085319,0.02292,-0.043826,0.702487,0.710345,-0.076707,0.706564,-0.70348,True,True,S2,True
S6_T4,1544821879.17,74.81,-122.87,31.88,-105.73,77.51,0.61,-46.61,0.35473004,-0.064430006,0.01169,-0.99609,-0.085319,0.02292,-0.043826,0.702487,0.710345,-0.076707,0.706564,-0.70348,True,True,S2,True
S6_T4,1544821879.29,74.81,-122.87,31.88,-105.73,77.51,0.61,-46.61,0.35485002,-0.06441001,0.011770001,-0.996093,-0.085308,0.022832,-0.043738,0.701179,0.711643,-0.076718,0.707864,-0.70217,True,True,S2,True
S6_T4,1544821879.38,75.05,-122.76,31.96,-105.52,77.81,0.99,-46.61,0.35584003,-0.06340001,0.01348,-0.996333,-0.082777,0.021664,-0.042596,0.699416,0.713444,-0.074209,0.709905,-0.700377,True,True,S2,True
S6_T4,1544821879.38,75.05,-122.76,31.96,-105.52,77.81,0.99,-46.61,0.35584003,-0.06340001,0.01348,-0.996333,-0.082777,0.021664,-0.042596,0.699416,0.713444,-0.074209,0.709905,-0.700377,True,True,S2,True
S6_T4,1544821879.52,75.1,-122.73,32.02,-105.33,77.88,1.28,-46.61,0.35652,-0.06279001,0.015130001,-0.996829,-0.076474,0.021986,-0.037688,0.697102,0.71598,-0.07008,0.712882,-0.697774,True,True,S2,True
S6_T4,1544821879.62,75.14,-122.7,32.1,-105.16,77.96,1.55,-46.61,0.35681,-0.062570006,0.01572,-0.996829,-0.076474,0.021986,-0.037688,0.697102,0.71598,-0.07008,0.712882,-0.697774,True,True,S2,True
S6_T4,1544821879.62,75.14,-122.7,32.1,-105.16,77.96,1.55,-46.61,0.35681,-0.062570006,0.01572,-0.996829,-0.076474,0.021986,-0.037688,0.697102,0.71598,-0.07008,0.712882,-0.697774,True,False,NA,NA
S6_T4,1544821879.73,74.99,-122.69,32.56,-105.01,78.29,2.09,-46.61,0.35672003,-0.06305,0.01827,-0.997167,-0.072027,0.0217,-0.034787,0.697291,0.715943,-0.066699,0.71316,-0.697821,True,False,NA,NA
S6_T4,1544821879.83,74.98,-122.68,32.57,-105.0,78.3,2.1,-46.61,0.35664004,-0.063140005,0.018480001,-0.99726,-0.071255,0.019859,-0.035564,0.697277,0.715919,-0.06486,0.713251,-0.697901,True,False,NA,NA
S6_T4,1544821879.83,74.98,-122.68,32.57,-105.0,78.3,2.1,-46.61,0.35664004,-0.063140005,0.018480001,-0.99726,-0.071255,0.019859,-0.035564,0.697277,0.715919,-0.06486,0.713251,-0.697901,True,False,NA,NA
S6_T4,1544821879.95,74.95,-122.62,33.12,-104.89,79.12,2.96,-46.61,0.35609,-0.06369,0.02125,-0.997742,-0.06526,0.015889,-0.034217,0.697428,0.715838,-0.057797,0.713677,-0.698086,True,True,S3,True
S6_T4,1544821880.05,74.94,-122.62,33.13,-104.89,79.14,2.97,-46.61,0.35594,-0.0638,0.021510001,-0.997818,-0.064498,0.014113,-0.03506,0.698733,0.714523,-0.055946,0.712469,-0.69947,True,True,S3,True
S6_T4,1544821880.05,74.94,-122.62,33.13,-104.89,79.14,2.97,-46.61,0.35594,-0.0638,0.021510001,-0.997818,-0.064498,0.014113,-0.03506,0.698733,0.714523,-0.055946,0.712469,-0.69947,True,True,S3,True
S6_T4,1544821880.16,74.8,-122.6,33.81,-104.77,80.12,3.59,-46.61,0.35436,-0.064780004,0.025090002,-0.997982,-0.063206,0.006043,-0.040048,0.700467,0.712561,-0.049272,0.710881,-0.701585,True,True,S3,True
S6_T4,1544821880.25,74.76,-122.58,34.02,-104.72,80.39,3.77,-46.61,0.35424,-0.06503,0.025690002,-0.99804,-0.062436,0.0042,-0.040822,0.700458,0.712525,-0.047429,0.710957,-0.701634,True,True,S3,True
S6_T4,1544821880.25,74.76,-122.58,34.02,-104.72,80.39,3.77,-46.61,0.35424,-0.06503,0.025690002,-0.99804,-0.062436,0.0042,-0.040822,0.700458,0.712525,-0.047429,0.710957,-0.701634,True,True,S3,True
S6_T4,1544821880.36,74.57,-122.58,34.61,-104.55,81.13,4.34,-46.61,0.35231,-0.065620005,0.029140001,-0.998269,-0.05861,-0.004968,-0.044739,0.701736,0.711031,-0.038188,0.710022,-0.703143,True,True,S3,True
S6_T4,1544821880.36,74.57,-122.58,34.61,-104.55,81.13,4.34,-46.61,0.35231,-0.065620005,0.029140001,-0.998269,-0.05861,-0.004968,-0.044739,0.701736,0.711031,-0.038188,0.710022,-0.703143,True,True,S3,True
S6_T4,1544821880.55,74.87,-122.36,34.82,-103.98,82.58,5.18,-46.61,0.35145003,-0.06569,0.031820003,-0.998535,-0.051306,-0.0172,-0.048212,0.69918,0.713318,-0.024572,0.713102,-0.700629,True,True,S3,True
S6_T4,1544821880.55,74.87,-122.36,34.82,-103.98,82.58,5.18,-46.61,0.35145003,-0.06569,0.031820003,-0.998535,-0.051306,-0.0172,-0.048212,0.69918,0.713318,-0.024572,0.713102,-0.700629,True,True,S3,True
S6_T4,1544821880.67,74.88,-122.35,34.81,-103.97,82.58,5.19,-46.61,0.35158,-0.06571,0.03196,-0.998535,-0.051306,-0.0172,-0.048212,0.69918,0.713318,-0.024572,0.713102,-0.700629,True,True,S3,True
S6_T4,1544821880.67,74.88,-122.35,34.81,-103.97,82.58,5.19,-46.61,0.35158,-0.06571,0.03196,-0.998535,-0.051306,-0.0172,-0.048212,0.69918,0.713318,-0.024572,0.713102,-0.700629,True,True,S3,True
S6_T4,1544821880.78,75.07,-122.25,35.01,-103.32,83.39,5.86,-46.61,0.35089004,-0.06424,0.036160003,-0.998701,-0.04205,-0.028779,-0.049884,0.691642,0.720516,-0.010393,0.721015,-0.692841,True,True,S3,True
S6_T4,1544821880.78,75.07,-122.25,35.01,-103.32,83.39,5.86,-46.61,0.35089004,-0.06424,0.036160003,-0.998701,-0.04205,-0.028779,-0.049884,0.691642,0.720516,-0.010393,0.721015,-0.692841,True,True,S3,True
S6_T4,1544821880.92,75.24,-122.15,35.21,-102.79,83.99,6.43,-46.61,0.35068002,-0.062130004,0.039830003,-0.99887,-0.033261,-0.033944,-0.047515,0.685433,0.726584,-0.0009,0.727376,-0.686239,True,True,S3,True
S6_T4,1544821880.92,75.24,-122.15,35.21,-102.79,83.99,6.43,-46.61,0.35068002,-0.062130004,0.039830003,-0.99887,-0.033261,-0.033944,-0.047515,0.685433,0.726584,-0.0009,0.727376,-0.686239,True,True,S3,True
S6_T4,1544821881.03,75.48,-122.09,35.44,-102.05,84.35,7.29,-46.61,0.35075003,-0.059460003,0.04312,-0.99899,-0.025175,-0.037209,-0.044416,0.677793,0.73391,0.006744,0.734822,-0.678226,True,True,S3,True
S6_T4,1544821881.03,75.48,-122.09,35.44,-102.05,84.35,7.29,-46.61,0.35075003,-0.059460003,0.04312,-0.99899,-0.025175,-0.037209,-0.044416,0.677793,0.73391,0.006744,0.734822,-0.678226,True,True,S3,True
S6_T4,1544821881.19,75.77,-121.99,35.55,-101.14,84.69,8.11,-46.61,0.35102,-0.056,0.047220003,-0.999038,-0.014279,-0.041474,-0.040468,0.664822,0.745904,0.016922,0.746865,-0.66476,True,True,S3,True
S6_T4,1544821881.19,75.77,-121.99,35.55,-101.14,84.69,8.11,-46.61,0.35102,-0.056,0.047220003,-0.999038,-0.014279,-0.041474,-0.040468,0.664822,0.745904,0.016922,0.746865,-0.66476,True,True,S3,True
S6_T4,1544821881.34,76.11,-121.82,34.96,-99.84,84.83,8.48,-46.61,0.35163003,-0.052540004,0.0507,-0.998815,0.004852,-0.048435,-0.033862,0.645561,0.762957,0.034969,0.763693,-0.644632,True,True,S3,True
S6_T4,1544821881.34,76.11,-121.82,34.96,-99.84,84.83,8.48,-46.61,0.35163003,-0.052540004,0.0507,-0.998815,0.004852,-0.048435,-0.033862,0.645561,0.762957,0.034969,0.763693,-0.644632,True,True,S3,True
S6_T4,1544821881.43,76.48,-121.63,34.27,-98.42,85.0,8.85,-46.61,0.35189003,-0.05073,0.052440003,-0.998615,0.015043,-0.050416,-0.029501,0.633338,0.773313,0.043563,0.773729,-0.632017,True,True,S3,True
S6_T4,1544821881.43,76.48,-121.63,34.27,-98.42,85.0,8.85,-46.61,0.35189003,-0.05073,0.052440003,-0.998615,0.015043,-0.050416,-0.029501,0.633338,0.773313,0.043563,0.773729,-0.632017,True,True,S3,True
S6_T4,1544821881.43,76.48,-121.63,34.27,-98.42,85.0,8.85,-46.61,0.35189003,-0.05073,0.052440003,-0.998615,0.015043,-0.050416,-0.029501,0.633338,0.773313,0.043563,0.773729,-0.632017,True,True,S3,True
S6_T4,1544821881.65,76.84,-121.34,32.08,-95.0,84.6,8.03,-46.61,0.35301003,-0.04675,0.05646,-0.997902,0.037897,-0.052487,-0.020079,0.589589,0.807454,0.061545,0.806814,-0.587591,True,True,S3,True
S6_T4,1544821881.65,76.84,-121.34,32.08,-95.0,84.6,8.03,-46.61,0.35301003,-0.04675,0.05646,-0.997902,0.037897,-0.052487,-0.020079,0.589589,0.807454,0.061545,0.806814,-0.587591,True,True,S3,True
S6_T4,1544821881.65,76.84,-121.34,32.08,-95.0,84.6,8.03,-46.61,0.35301003,-0.04675,0.05646,-0.997902,0.037897,-0.052487,-0.020079,0.589589,0.807454,0.061545,0.806814,-0.587591,True,True,S3,True
S6_T4,1544821881.78,76.99,-121.3,31.56,-93.54,84.17,8.15,-46.61,0.35413003,-0.04314,0.060020003,-0.997402,0.05282,-0.048983,-0.010372,0.567586,0.823249,0.071287,0.821618,-0.565564,True,True,S3,True
S6_T4,1544821881.78,76.99,-121.3,31.56,-93.54,84.17,8.15,-46.61,0.35413003,-0.04314,0.060020003,-0.997402,0.05282,-0.048983,-0.010372,0.567586,0.823249,0.071287,0.821618,-0.565564,True,True,S3,True
S6_T4,1544821881.78,76.99,-121.3,31.56,-93.54,84.17,8.15,-46.61,0.35413003,-0.04314,0.060020003,-0.997402,0.05282,-0.048983,-0.010372,0.567586,0.823249,0.071287,0.821618,-0.565564,True,True,S3,True
