S6_T2,1544818654.26,64.5,-124.31,33.56,-80.38,75.53,16.97,-46.61,0.34075,-0.071660005,0.09221,-0.928294,0.357851,0.101054,0.250449,0.400826,0.881257,0.274854,0.843375,-0.461708,False,False,NA,NA
S6_T2,1544818654.44,64.5,-124.31,33.56,-80.38,75.53,16.97,-46.61,0.34075,-0.071660005,0.09221,-0.928294,0.357851,0.101054,0.250449,0.400826,0.881257,0.274854,0.843375,-0.461708,False,False,NA,NA
S6_T2,1544818654.44,64.5,-124.31,33.56,-80.38,75.53,16.97,-46.61,0.34075,-0.071660005,0.09221,-0.928294,0.357851,0.101054,0.250449,0.400826,0.881257,0.274854,0.843375,-0.461708,False,False,NA,NA
S6_T2,1544818654.53,64.5,-124.31,33.56,-80.38,75.53,16.97,-46.61,0.34075,-0.071660005,0.09221,-0.928294,0.357851,0.101054,0.250449,0.400826,0.881257,0.274854,0.843375,-0.461708,False,False,NA,NA
S6_T2,1544818654.53,64.5,-124.31,33.56,-80.38,75.53,16.97,-46.61,0.34075,-0.071660005,0.09221,-0.928294,0.357851,0.101054,0.250449,0.400826,0.881257,0.274854,0.843375,-0.461708,False,False,NA,NA
S6_T2,1544818654.61,64.5,-124.31,33.56,-80.38,75.53,16.97,-46.61,0.34075,-0.071650006,0.09221,-0.928294,0.357851,0.101054,0.250449,0.400826,0.881257,0.274854,0.843375,-0.461708,False,False,NA,NA
S6_T2,1544818654.71,64.5,-124.31,33.56,-80.38,75.53,16.97,-46.61,0.34075,-0.071660005,0.09221,-0.928294,0.357851,0.101054,0.250449,0.400826,0.881257,0.274854,0.843375,-0.461708,False,False,NA,NA
S6_T2,1544818654.8,64.5,-124.31,33.56,-80.38,75.53,16.97,-46.61,0.34075,-0.071650006,0.09221,-0.928294,0.357851,0.101054,0.250449,0.400826,0.881257,0.274854,0.843375,-0.461708,False,False,NA,NA
S6_T2,1544818654.8,64.5,-124.31,33.56,-80.38,75.53,16.97,-46.61,0.34075,-0.071650006,0.09221,-0.928294,0.357851,0.101054,0.250449,0.400826,0.881257,0.274854,0.843375,-0.461708,False,False,NA,NA
S6_T2,1544818654.91,64.5,-124.31,33.56,-80.38,75.53,16.97,-46.61,0.34075,-0.071660005,0.09221,-0.928294,0.357851,0.101054,0.250449,0.400826,0.881257,0.274854,0.843375,-0.461708,False,False,NA,NA
S6_T2,1544818654.91,64.5,-124.31,33.56,-80.38,75.53,16.97,-46.61,0.34075,-0.071660005,0.09221,-0.928294,0.357851,0.101054,0.250449,0.400826,0.881257,0.274854,0.843375,-0.461708,False,False,NA,NA
S6_T2,1544818655.0,64.5,-124.31,33.56,-80.38,75.53,16.97,-46.61,0.34075,-0.071660005,0.09221,-0.928294,0.357851,0.101054,0.250449,0.400826,0.881257,0.274854,0.843375,-0.461708,False,False,NA,NA
S6_T2,1544818655.0,64.5,-124.31,33.56,-80.38,75.53,16.97,-46.61,0.34075,-0.071660005,0.09221,-0.928294,0.357851,0.101054,0.250449,0.400826,0.881257,0.274854,0.843375,-0.461708,False,False,NA,NA
S6_T2,1544818655.1,64.5,-124.31,33.56,-80.38,75.53,16.97,-46.61,0.34075,-0.071660005,0.09221,-0.928294,0.357851,0.101054,0.250449,0.400826,0.881257,0.274854,0.843375,-0.461708,False,False,NA,NA
S6_T2,1544818655.2,64.5,-124.31,33.56,-80.38,75.53,16.97,-46.61,0.34075,-0.071660005,0.09221,-0.928294,0.357851,0.101054,0.250449,0.400826,0.881257,0.274854,0.843375,-0.461708,False,False,NA,NA
S6_T2,1544818655.29,64.5,-124.31,33.56,-80.38,75.53,16.97,-46.61,0.34075,-0.071660005,0.09221,-0.928294,0.357851,0.101054,0.250449,0.400826,0.881257,0.274854,0.843375,-0.461708,False,False,NA,NA
S6_T2,1544818655.37,64.5,-124.31,33.56,-80.38,75.53,16.97,-46.61,0.34075,-0.071660005,0.09221,-0.928294,0.357851,0.101054,0.250449,0.400826,0.881257,0.274854,0.843375,-0.461708,False,False,NA,NA
S6_T2,1544818655.37,64.5,-124.31,33.56,-80.38,75.53,16.97,-46.61,0.34075,-0.071660005,0.09221,-0.928294,0.357851,0.101054,0.250449,0.400826,0.881257,0.274854,0.843375,-0.461708,False,False,NA,NA
S6_T2,1544818655.46,64.5,-124.31,33.56,-80.38,75.53,16.97,-46.61,0.34075,-0.071660005,0.09221,-0.928294,0.357851,0.101054,0.250449,0.400826,0.881257,0.274854,0.843375,-0.461708,False,False,NA,NA
S6_T2,1544818655.46,64.5,-124.31,33.56,-80.38,75.53,16.97,-46.61,0.34075,-0.071660005,0.09221,-0.928294,0.357851,0.101054,0.250449,0.400826,0.881257,0.274854,0.843375,-0.461708,False,False,NA,NA
S6_T2,1544818655.56,64.5,-124.31,33.56,-80.38,75.53,16.97,-46.61,0.34075,-0.071660005,0.09221,-0.928294,0.357851,0.101054,0.250449,0.400826,0.881257,0.274854,0.843375,-0.461708,False,False,NA,NA
S6_T2,1544818655.66,64.5,-124.31,33.56,-80.38,75.53,16.97,-46.61,0.34075,-0.071660005,0.09221,-0.928294,0.357851,0.101054,0.250449,0.400826,0.881257,0.274854,0.843375,-0.461708,False,False,NA,NA
S6_T2,1544818655.66,64.5,-124.31,33.56,-80.38,75.53,16.97,-46.61,0.34075,-0.071660005,0.09221,-0.928294,0.357851,0.101054,0.250449,0.400826,0.881257,0.274854,0.843375,-0.461708,False,False,NA,NA
S6_T2,1544818655.75,64.5,-124.31,33.56,-80.38,75.53,16.97,-46.61,0.34075,-0.071660005,0.09221,-0.928294,0.357851,0.101054,0.250449,0.400826,0.881257,0.274854,0.843375,-0.461708,False,False,NA,NA
S6_T2,1544818655.75,64.5,-124.31,33.56,-80.38,75.53,16.97,-46.61,0.34075,-0.071660005,0.09221,-0.928294,0.357851,0.101054,0.250449,0.400826,0.881257,0.274854,0.843375,-0.461708,False,False,NA,NA
S6_T2,1544818655.85,64.5,-124.31,33.56,-80.38,75.53,16.97,-46.61,0.34075,-0.071660005,0.09221,-0.928294,0.357851,0.101054,0.250449,0.400826,0.881257,0.274854,0.843375,-0.461708,False,False,NA,NA
S6_T2,1544818655.94,64.5,-124.31,33.56,-80.38,75.53,16.97,-46.61,0.34075,-0.071650006,0.09221,-0.928294,0.357851,0.101054,0.250449,0.400826,0.881257,0.274854,0.843375,-0.461708,False,False,NA,NA
S6_T2,1544818655.94,64.5,-124.31,33.56,-80.38,75.53,16.97,-46.61,0.34075,-0.071650006,0.09221,-0.928294,0.357851,0.101054,0.250449,0.400826,0.881257,0.274854,0.843375,-0.461708,False,False,NA,NA
S6_T2,1544818655.94,64.5,-124.31,33.56,-80.38,75.53,16.97,-46.61,0.34075,-0.071650006,0.09221,-0.928294,0.357851,0.101054,0.250449,0.400826,0.881257,0.274854,0.843375,-0.461708,False,False,NA,NA
S6_T2,1544818656.04,64.5,-124.31,33.56,-80.38,75.53,16.97,-46.61,0.34075,-0.071660005,0.09221,-0.928294,0.357851,0.101054,0.250449,0.400826,0.881257,0.274854,0.843375,-0.461708,False,False,NA,NA
S6_T2,1544818656.14,64.5,-124.31,33.56,-80.38,75.53,16.97,-46.61,0.34075,-0.071650006,0.09221,-0.928294,0.357851,0.101054,0.250449,0.400826,0.881257,0.274854,0.843375,-0.461708,False,False,NA,NA
S6_T2,1544818656.23,64.5,-124.31,33.56,-80.38,75.53,16.97,-46.61,0.34075,-0.071660005,0.09221,-0.928294,0.357851,0.101054,0.250449,0.400826,0.881257,0.274854,0.843375,-0.461708,False,False,NA,NA
S6_T2,1544818656.32,64.5,-124.31,33.56,-80.38,75.53,16.97,-46.61,0.34075,-0.071660005,0.09221,-0.928294,0.357851,0.101054,0.250449,0.400826,0.881257,0.274854,0.843375,-0.461708,False,False,NA,NA
S6_T2,1544818656.42,64.5,-124.31,33.56,-80.38,75.53,16.97,-46.61,0.34075,-0.071650006,0.09221,-0.928294,0.357851,0.101054,0.250449,0.400826,0.881257,0.274854,0.843375,-0.461708,False,False,NA,NA
S6_T2,1544818656.42,64.5,-124.31,33.56,-80.38,75.53,16.97,-46.61,0.34075,-0.071650006,0.09221,-0.928294,0.357851,0.101054,0.250449,0.400826,0.881257,0.274854,0.843375,-0.461708,False,False,NA,NA
S6_T2,1544818656.5,64.5,-124.31,33.56,-80.38,75.53,16.97,-46.61,0.34075,-0.071660005,0.09221,-0.928294,0.357851,0.101054,0.250449,0.400826,0.881257,0.274854,0.843375,-0.461708,False,False,NA,NA
S6_T2,1544818656.59,64.5,-124.31,33.56,-80.38,75.53,16.97,-46.61,0.34075,-0.071650006,0.09221,-0.928294,0.357851,0.101054,0.250449,0.400826,0.881257,0.274854,0.843375,-0.461708,False,False,NA,NA
S6_T2,1544818656.68,64.5,-124.31,33.56,-80.38,75.53,16.97,-46.61,0.34075,-0.071660005,0.09221,-0.928294,0.357851,0.101054,0.250449,0.400826,0.881257,0.274854,0.843375,-0.461708,False,False,NA,NA
S6_T2,1544818656.68,64.5,-124.31,33.56,-80.38,75.53,16.97,-46.61,0.34075,-0.071660005,0.09221,-0.928294,0.357851,0.101054,0.250449,0.400826,0.881257,0.274854,0.843375,-0.461708,False,False,NA,NA
S6_T2,1544818656.77,64.5,-124.31,33.56,-80.38,75.53,16.97,-46.61,0.34075,-0.071660005,0.09221,-0.928294,0.357851,0.101054,0.250449,0.400826,0.881257,0.274854,0.843375,-0.461708,False,False,NA,NA
S6_T2,1544818656.86,64.5,-124.31,33.56,-80.38,75.53,16.97,-46.61,0.34075,-0.071660005,0.09221,-0.928294,0.357851,0.101054,0.250449,0.400826,0.881257,0.274854,0.843375,-0.461708,False,False,NA,NA
S6_T2,1544818656.96,64.5,-124.31,33.56,-80.38,75.53,16.97,-46.61,0.34075,-0.071660005,0.09221,-0.928294,0.357851,0.101054,0.250449,0.400826,0.881257,0.274854,0.843375,-0.461708,False,False,NA,NA
S6_T2,1544818657.07,64.5,-124.31,33.56,-80.38,75.53,16.97,-46.61,0.34075,-0.071660005,0.09221,-0.928294,0.357851,0.101054,0.250449,0.400826,0.881257,0.274854,0.843375,-0.461708,False,False,NA,NA
S6_T2,1544818657.17,64.5,-124.31,33.56,-80.38,75.53,16.97,-46.61,0.34075,-0.071650006,0.09221,-0.928294,0.357851,0.101054,0.250449,0.400826,0.881257,0.274854,0.843375,-0.461708,False,False,NA,NA
S6_T2,1544818657.17,64.5,-124.31,33.56,-80.38,75.53,16.97,-46.61,0.34075,-0.071650006,0.09221,-0.928294,0.357851,0.101054,0.250449,0.400826,0.881257,0.274854,0.843375,-0.461708,False,False,NA,NA
S6_T2,1544818657.26,64.5,-124.31,33.56,-80.38,75.53,16.97,-46.61,0.34075,-0.071660005,0.09221,-0.928294,0.357851,0.101054,0.250449,0.400826,0.881257,0.274854,0.843375,-0.461708,False,False,NA,NA
S6_T2,1544818657.35,64.5,-124.31,33.56,-80.38,75.53,16.97,-46.61,0.34075,-0.071660005,0.09221,-0.928294,0.357851,0.101054,0.250449,0.400826,0.881257,0.274854,0.843375,-0.461708,False,False,NA,NA
S6_T2,1544818657.44,64.5,-124.31,33.56,-80.38,75.53,16.97,-46.61,0.34075,-0.071650006,0.09221,-0.928294,0.357851,0.101054,0.250449,0.400826,0.881257,0.274854,0.843375,-0.461708,False,False,NA,NA
S6_T2,1544818657.54,64.5,-124.31,33.56,-80.38,75.53,16.97,-46.61,0.34075,-0.071660005,0.09221,-0.928294,0.357851,0.101054,0.250449,0.400826,0.881257,0.274854,0.843375,-0.461708,False,False,NA,NA
S6_T2,1544818657.54,64.5,-124.31,33.56,-80.38,75.53,16.97,-46.61,0.34075,-0.071660005,0.09221,-0.928294,0.357851,0.101054,0.250449,0.400826,0.881257,0.274854,0.843375,-0.461708,False,False,NA,NA
S6_T2,1544818657.64,64.5,-124.31,33.56,-80.38,75.53,16.97,-46.61,0.34075,-0.071660005,0.09221,-0.928294,0.357851,0.101054,0.250449,0.400826,0.881257,0.274854,0.843375,-0.461708,False,False,NA,NA
S6_T2,1544818657.72,64.5,-124.31,33.56,-80.38,75.53,16.97,-46.61,0.34075,-0.071660005,0.09221,-0.928294,0.357851,0.101054,0.250449,0.400826,0.881257,0.274854,0.843375,-0.461708,False,False,NA,NA
S6_T2,1544818657.72,64.5,-124.31,33.56,-80.38,75.53,16.97,-46.61,0.34075,-0.071660005,0.09221,-0.928294,0.357851,0.101054,0.250449,0.400826,0.881257,0.274854,0.843375,-0.461708,False,False,NA,NA
S6_T2,1544818657.82,64.5,-124.31,33.56,-80.38,75.53,16.97,-46.61,0.34075,-0.071650006,0.09221,-0.928294,0.357851,0.101054,0.250449,0.400826,0.881257,0.274854,0.843375,-0.461708,False,False,NA,NA
S6_T2,1544818657.82,64.5,-124.31,33.56,-80.38,75.53,16.97,-46.61,0.34075,-0.071650006,0.09221,-0.928294,0.357851,0.101054,0.250449,0.400826,0.881257,0.274854,0.843375,-0.461708,False,False,NA,NA
S6_T2,1544818657.91,64.5,-124.31,33.56,-80.38,75.53,16.97,-46.61,0.34075,-0.071660005,0.09221,-0.928294,0.357851,0.101054,0.250449,0.400826,0.881257,0.274854,0.843375,-0.461708,False,False,NA,NA
S6_T2,1544818657.91,64.5,-124.31,33.56,-80.38,75.53,16.97,-46.61,0.34075,-0.071660005,0.09221,-0.928294,0.357851,0.101054,0.250449,0.400826,0.881257,0.274854,0.843375,-0.461708,False,False,NA,NA
S6_T2,1544818658.01,64.5,-124.31,33.56,-80.38,75.53,16.97,-46.61,0.34075,-0.071650006,0.09221,-0.928294,0.357851,0.101054,0.250449,0.400826,0.881257,0.274854,0.843375,-0.461708,False,False,NA,NA
S6_T2,1544818658.11,64.5,-124.31,33.56,-80.38,75.53,16.97,-46.61,0.34075,-0.071660005,0.09221,-0.928294,0.357851,0.101054,0.250449,0.400826,0.881257,0.274854,0.843375,-0.461708,False,False,NA,NA
S6_T2,1544818658.21,64.5,-124.31,33.56,-80.38,75.53,16.97,-46.61,0.34075,-0.071660005,0.09221,-0.928294,0.357851,0.101054,0.250449,0.400826,0.881257,0.274854,0.843375,-0.461708,False,False,NA,NA
S6_T2,1544818658.21,64.5,-124.31,33.56,-80.38,75.53,16.97,-46.61,0.34075,-0.071660005,0.09221,-0.928294,0.357851,0.101054,0.250449,0.400826,0.881257,0.274854,0.843375,-0.461708,False,False,NA,NA
S6_T2,1544818658.21,64.5,-124.31,33.56,-80.38,75.53,16.97,-46.61,0.34075,-0.071660005,0.09221,-0.928294,0.357851,0.101054,0.250449,0.400826,0.881257,0.274854,0.843375,-0.461708,False,False,NA,NA
S6_T2,1544818658.3,64.5,-124.31,33.56,-80.38,75.53,16.97,-46.61,0.34075,-0.071660005,0.09221,-0.928294,0.357851,0.101054,0.250449,0.400826,0.881257,0.274854,0.843375,-0.461708,False,False,NA,NA
S6_T2,1544818658.39,64.5,-124.31,33.56,-80.38,75.53,16.97,-46.61,0.34075,-0.071660005,0.09221,-0.928294,0.357851,0.101054,0.250449,0.400826,0.881257,0.274854,0.843375,-0.461708,False,False,NA,NA
S6_T2,1544818658.48,64.5,-124.31,33.56,-80.38,75.53,16.97,-46.61,0.34075,-0.071660005,0.09221,-0.928294,0.357851,0.101054,0.250449,0.400826,0.881257,0.274854,0.843375,-0.461708,False,False,NA,NA
S6_T2,1544818658.48,64.5,-124.31,33.56,-80.38,75.53,16.97,-46.61,0.34075,-0.071660005,0.09221,-0.928294,0.357851,0.101054,0.250449,0.400826,0.881257,0.274854,0.843375,-0.461708,False,False,NA,NA
S6_T2,1544818658.57,64.5,-124.31,33.56,-80.38,75.53,16.97,-46.61,0.34075,-0.071660005,0.09221,-0.928294,0.357851,0.101054,0.250449,0.400826,0.881257,0.274854,0.843375,-0.461708,False,False,NA,NA
S6_T2,1544818658.57,64.5,-124.31,33.56,-80.38,75.53,16.97,-46.61,0.34075,-0.071660005,0.09221,-0.928294,0.357851,0.101054,0.250449,0.400826,0.881257,0.274854,0.843375,-0.461708,False,False,NA,NA
S6_T2,1544818658.67,64.5,-124.31,33.56,-80.38,75.53,16.97,-46.61,0.34075,-0.071660005,0.09221,-0.928294,0.357851,0.101054,0.250449,0.400826,0.881257,0.274854,0.843375,-0.461708,False,False,NA,NA
S6_T2,1544818658.77,64.5,-124.31,33.56,-80.38,75.53,16.97,-46.61,0.34075,-0.071660005,0.09221,-0.928294,0.357851,0.101054,0.250449,0.400826,0.881257,0.274854,0.843375,-0.461708,False,False,NA,NA
S6_T2,1544818658.77,64.5,-124.31,33.56,-80.38,75.53,16.97,-46.61,0.34075,-0.071660005,0.09221,-0.928294,0.357851,0.101054,0.250449,0.400826,0.881257,0.274854,0.843375,-0.461708,False,False,NA,NA
S6_T2,1544818658.85,64.5,-124.31,33.56,-80.38,75.53,16.97,-46.61,0.34075,-0.071660005,0.09221,-0.928294,0.357851,0.101054,0.250449,0.400826,0.881257,0.274854,0.843375,-0.461708,False,False,NA,NA
S6_T2,1544818658.96,64.5,-124.31,33.56,-80.38,75.53,16.97,-46.61,0.34075,-0.071650006,0.09221,-0.928294,0.357851,0.101054,0.250449,0.400826,0.881257,0.274854,0.843375,-0.461708,False,False,NA,NA
S6_T2,1544818658.96,64.5,-124.31,33.56,-80.38,75.53,16.97,-46.61,0.34075,-0.071650006,0.09221,-0.928294,0.357851,0.101054,0.250449,0.400826,0.881257,0.274854,0.843375,-0.461708,False,False,NA,NA
S6_T2,1544818659.05,64.5,-124.31,33.56,-80.38,75.53,16.97,-46.61,0.34075,-0.071650006,0.09221,-0.928294,0.357851,0.101054,0.250449,0.400826,0.881257,0.274854,0.843375,-0.461708,False,False,NA,NA
S6_T2,1544818659.13,64.5,-124.31,33.56,-80.38,75.53,16.97,-46.61,0.34075,-0.071660005,0.09221,-0.928294,0.357851,0.101054,0.250449,0.400826,0.881257,0.274854,0.843375,-0.461708,False,False,NA,NA
S6_T2,1544818659.24,64.5,-124.31,33.56,-80.38,75.53,16.97,-46.61,0.34075,-0.071650006,0.09221,-0.928294,0.357851,0.101054,0.250449,0.400826,0.881257,0.274854,0.843375,-0.461708,False,False,NA,NA
S6_T2,1544818659.34,64.5,-124.31,33.56,-80.38,75.53,16.97,-46.61,0.34075,-0.071650006,0.09221,-0.928294,0.357851,0.101054,0.250449,0.400826,0.881257,0.274854,0.843375,-0.461708,False,False,NA,NA
S6_T2,1544818659.42,64.5,-124.31,33.56,-80.38,75.53,16.97,-46.61,0.34075,-0.071660005,0.09221,-0.928294,0.357851,0.101054,0.250449,0.400826,0.881257,0.274854,0.843375,-0.461708,False,False,NA,NA
S6_T2,1544818659.53,64.5,-124.31,33.56,-80.38,75.53,16.97,-46.61,0.34075,-0.071660005,0.09221,-0.928294,0.357851,0.101054,0.250449,0.400826,0.881257,0.274854,0.843375,-0.461708,False,False,NA,NA
S6_T2,1544818659.53,64.5,-124.31,33.56,-80.38,75.53,16.97,-46.61,0.34075,-0.071660005,0.09221,-0.928294,0.357851,0.101054,0.250449,0.400826,0.881257,0.274854,0.843375,-0.461708,False,False,NA,NA
S6_T2,1544818659.53,64.5,-124.31,33.56,-80.38,75.53,16.97,-46.61,0.34075,-0.071660005,0.09221,-0.928294,0.357851,0.101054,0.250449,0.400826,0.881257,0.274854,0.843375,-0.461708,False,False,NA,NA
S6_T2,1544818659.69,64.5,-124.31,33.56,-80.38,75.53,16.97,-46.61,0.34075,-0.071650006,0.09221,-0.928294,0.357851,0.101054,0.250449,0.400826,0.881257,0.274854,0.843375,-0.461708,False,False,NA,NA
S6_T2,1544818659.69,64.5,-124.31,33.56,-80.38,75.53,16.97,-46.61,0.34075,-0.071650006,0.09221,-0.928294,0.357851,0.101054,0.250449,0.400826,0.881257,0.274854,0.843375,-0.461708,False,False,NA,NA
S6_T2,1544818659.69,64.5,-124.31,33.56,-80.38,75.53,16.97,-46.61,0.34075,-0.071650006,0.09221,-0.928294,0.357851,0.101054,0.250449,0.400826,0.881257,0.274854,0.843375,-0.461708,False,False,NA,NA
S6_T2,1544818659.82,64.5,-124.31,33.56,-80.38,75.53,16.97,-46.61,0.34075,-0.071650006,0.09221,-0.928294,0.357851,0.101054,0.250449,0.400826,0.881257,0.274854,0.843375,-0.461708,False,False,NA,NA
S6_T2,1544818659.82,64.5,-124.31,33.56,-80.38,75.53,16.97,-46.61,0.34075,-0.071650006,0.09221,-0.928294,0.357851,0.101054,0.250449,0.400826,0.881257,0.274854,0.843375,-0.461708,False,False,NA,NA
S6_T2,1544818659.92,64.51,-124.31,33.54,-80.38,75.54,16.97,-46.61,0.34083,-0.07167,0.092190005,-0.928294,0.357851,0.101054,0.250449,0.400826,0.881257,0.274854,0.843375,-0.461708,False,False,NA,NA
S6_T2,1544818659.92,64.51,-124.31,33.54,-80.38,75.54,16.97,-46.61,0.34083,-0.07167,0.092190005,-0.928294,0.357851,0.101054,0.250449,0.400826,0.881257,0.274854,0.843375,-0.461708,False,False,NA,NA
S6_T2,1544818659.92,64.51,-124.31,33.54,-80.38,75.54,16.97,-46.61,0.34083,-0.07167,0.092190005,-0.928294,0.357851,0.101054,0.250449,0.400826,0.881257,0.274854,0.843375,-0.461708,False,False,NA,NA
S6_T2,1544818660.05,64.54,-124.31,33.57,-80.5,75.51,16.99,-46.61,0.34091002,-0.070870005,0.091510005,-0.929358,0.355113,0.100939,0.250175,0.404716,0.879555,0.27149,0.842674,-0.464966,False,False,NA,NA
S6_T2,1544818660.05,64.54,-124.31,33.57,-80.5,75.51,16.99,-46.61,0.34091002,-0.070870005,0.091510005,-0.929358,0.355113,0.100939,0.250175,0.404716,0.879555,0.27149,0.842674,-0.464966,False,False,NA,NA
S6_T2,1544818660.15,64.59,-124.35,33.72,-80.79,75.41,17.06,-46.61,0.34091002,-0.07078,0.09150001,-0.929358,0.355113,0.100939,0.250175,0.404716,0.879555,0.27149,0.842674,-0.464966,False,False,NA,NA
S6_T2,1544818660.15,64.59,-124.35,33.72,-80.79,75.41,17.06,-46.61,0.34091002,-0.07078,0.09150001,-0.929358,0.355113,0.100939,0.250175,0.404716,0.879555,0.27149,0.842674,-0.464966,False,False,NA,NA
S6_T2,1544818660.15,64.59,-124.35,33.72,-80.79,75.41,17.06,-46.61,0.34091002,-0.07078,0.09150001,-0.929358,0.355113,0.100939,0.250175,0.404716,0.879555,0.27149,0.842674,-0.464966,False,False,NA,NA
S6_T2,1544818660.28,64.66,-124.41,34.13,-81.64,75.5,17.14,-46.61,0.34018,-0.07004,0.0902,-0.93231,0.348524,0.096585,0.246476,0.416867,0.874912,0.264665,0.839495,-0.474553,False,False,NA,NA
S6_T2,1544818660.28,64.66,-124.41,34.13,-81.64,75.5,17.14,-46.61,0.34018,-0.07004,0.0902,-0.93231,0.348524,0.096585,0.246476,0.416867,0.874912,0.264665,0.839495,-0.474553,False,False,NA,NA
S6_T2,1544818660.38,64.66,-124.41,34.13,-81.64,75.5,17.14,-46.61,0.34002,-0.069960006,0.09019001,-0.933105,0.346735,0.095338,0.244822,0.418346,0.87467,0.263394,0.839501,-0.47525,False,False,NA,NA
S6_T2,1544818660.38,64.66,-124.41,34.13,-81.64,75.5,17.14,-46.61,0.34002,-0.069960006,0.09019001,-0.933105,0.346735,0.095338,0.244822,0.418346,0.87467,0.263394,0.839501,-0.47525,False,False,NA,NA
S6_T2,1544818660.49,64.63,-124.46,34.28,-81.89,75.72,17.06,-46.61,0.33877,-0.069510005,0.08980001,-0.934196,0.344848,0.09142,0.240933,0.420845,0.874552,0.263114,0.839029,-0.476237,False,True,S1,True
S6_T2,1544818660.49,64.63,-124.46,34.28,-81.89,75.72,17.06,-46.61,0.33877,-0.069510005,0.08980001,-0.934196,0.344848,0.09142,0.240933,0.420845,0.874552,0.263114,0.839029,-0.476237,False,True,S1,True
S6_T2,1544818660.62,64.62,-124.47,34.3,-81.89,75.72,17.06,-46.61,0.33848003,-0.06928,0.089990005,-0.934868,0.343284,0.090432,0.239333,0.421339,0.874753,0.262187,0.839422,-0.476055,False,True,S1,True
S6_T2,1544818660.62,64.62,-124.47,34.3,-81.89,75.72,17.06,-46.61,0.33848003,-0.06928,0.089990005,-0.934868,0.343284,0.090432,0.239333,0.421339,0.874753,0.262187,0.839422,-0.476055,False,True,S1,True
S6_T2,1544818660.72,64.44,-124.57,34.55,-81.91,75.73,16.94,-46.61,0.33740002,-0.06852,0.09048001,-0.934977,0.343053,0.090178,0.239276,0.422312,0.874299,0.261847,0.839028,-0.476937,False,True,S1,True
S6_T2,1544818660.72,64.44,-124.57,34.55,-81.91,75.73,16.94,-46.61,0.33740002,-0.06852,0.09048001,-0.934977,0.343053,0.090178,0.239276,0.422312,0.874299,0.261847,0.839028,-0.476937,False,True,S1,True
S6_T2,1544818660.87,64.4,-124.62,34.64,-82.02,75.58,16.81,-46.61,0.33670002,-0.066920005,0.089770004,-0.937545,0.335396,0.092297,0.237594,0.423605,0.874132,0.254083,0.841468,-0.476837,False,True,S1,True
S6_T2,1544818660.87,64.4,-124.62,34.64,-82.02,75.58,16.81,-46.61,0.33670002,-0.066920005,0.089770004,-0.937545,0.335396,0.092297,0.237594,0.423605,0.874132,0.254083,0.841468,-0.476837,False,True,S1,True
S6_T2,1544818660.87,64.4,-124.62,34.64,-82.02,75.58,16.81,-46.61,0.33670002,-0.066920005,0.089770004,-0.937545,0.335396,0.092297,0.237594,0.423605,0.874132,0.254083,0.841468,-0.476837,False,True,S1,True
S6_T2,1544818660.87,64.4,-124.62,34.64,-82.02,75.58,16.81,-46.61,0.33670002,-0.066920005,0.089770004,-0.937545,0.335396,0.092297,0.237594,0.423605,0.874132,0.254083,0.841468,-0.476837,False,True,S1,True
S6_T2,1544818661.01,64.33,-124.69,34.75,-82.2,75.34,16.6,-46.61,0.33668,-0.06685,0.08975001,-0.937545,0.335396,0.092297,0.237594,0.423605,0.874132,0.254083,0.841468,-0.476837,False,True,S1,True
S6_T2,1544818661.01,64.33,-124.69,34.75,-82.2,75.34,16.6,-46.61,0.33668,-0.06685,0.08975001,-0.937545,0.335396,0.092297,0.237594,0.423605,0.874132,0.254083,0.841468,-0.476837,False,True,S1,True
S6_T2,1544818661.12,64.56,-124.75,35.01,-82.97,74.93,15.71,-46.61,0.33756003,-0.06484,0.08831,-0.944779,0.313843,0.094315,0.230505,0.431854,0.871991,0.232938,0.845579,-0.480349,False,True,S1,True
S6_T2,1544818661.12,64.56,-124.75,35.01,-82.97,74.93,15.71,-46.61,0.33756003,-0.06484,0.08831,-0.944779,0.313843,0.094315,0.230505,0.431854,0.871991,0.232938,0.845579,-0.480349,False,True,S1,True
S6_T2,1544818661.28,64.7,-124.75,35.18,-83.36,74.93,15.79,-46.61,0.33885002,-0.062970005,0.08749,-0.948601,0.302285,0.093704,0.228004,0.447435,0.864763,0.219478,0.84168,-0.49336,False,True,S1,True
S6_T2,1544818661.28,64.7,-124.75,35.18,-83.36,74.93,15.79,-46.61,0.33885002,-0.062970005,0.08749,-0.948601,0.302285,0.093704,0.228004,0.447435,0.864763,0.219478,0.84168,-0.49336,False,True,S1,True
S6_T2,1544818661.28,64.7,-124.75,35.18,-83.36,74.93,15.79,-46.61,0.33885002,-0.062970005,0.08749,-0.948601,0.302285,0.093704,0.228004,0.447435,0.864763,0.219478,0.84168,-0.49336,False,True,S1,True
S6_T2,1544818661.38,65.09,-124.76,35.66,-84.37,74.85,16.04,-46.61,0.33932003,-0.062230002,0.08736,-0.949207,0.300679,0.092729,0.226375,0.447886,0.864958,0.218542,0.842016,-0.493202,False,True,S1,True
S6_T2,1544818661.38,65.09,-124.76,35.66,-84.37,74.85,16.04,-46.61,0.33932003,-0.062230002,0.08736,-0.949207,0.300679,0.092729,0.226375,0.447886,0.864958,0.218542,0.842016,-0.493202,False,True,S1,True
S6_T2,1544818661.51,65.4,-124.82,36.36,-85.95,74.79,16.86,-46.61,0.33993,-0.060590003,0.08529001,-0.950717,0.2963,0.091342,0.227119,0.464947,0.855711,0.211078,0.834284,-0.509328,False,True,S1,True
S6_T2,1544818661.51,65.4,-124.82,36.36,-85.95,74.79,16.86,-46.61,0.33993,-0.060590003,0.08529001,-0.950717,0.2963,0.091342,0.227119,0.464947,0.855711,0.211078,0.834284,-0.509328,False,True,S1,True
S6_T2,1544818661.51,65.4,-124.82,36.36,-85.95,74.79,16.86,-46.61,0.33993,-0.060590003,0.08529001,-0.950717,0.2963,0.091342,0.227119,0.464947,0.855711,0.211078,0.834284,-0.509328,False,True,S1,True
S6_T2,1544818661.66,65.51,-124.82,36.4,-86.26,74.65,16.93,-46.61,0.34088,-0.05985,0.08382,-0.950887,0.295357,0.092618,0.228332,0.46727,0.854121,0.208993,0.83332,-0.511761,False,True,S1,True
S6_T2,1544818661.66,65.51,-124.82,36.4,-86.26,74.65,16.93,-46.61,0.34088,-0.05985,0.08382,-0.950887,0.295357,0.092618,0.228332,0.46727,0.854121,0.208993,0.83332,-0.511761,False,True,S1,True
S6_T2,1544818661.66,65.51,-124.82,36.4,-86.26,74.65,16.93,-46.61,0.34088,-0.05985,0.08382,-0.950887,0.295357,0.092618,0.228332,0.46727,0.854121,0.208993,0.83332,-0.511761,False,True,S1,True
S6_T2,1544818661.77,65.63,-124.82,36.42,-86.56,74.48,17.0,-46.61,0.34092003,-0.05964,0.08377,-0.950887,0.295357,0.092618,0.228332,0.46727,0.854121,0.208993,0.83332,-0.511761,False,True,S1,True
S6_T2,1544818661.88,66.1,-124.79,36.24,-87.0,74.39,16.88,-46.61,0.34203002,-0.057330005,0.08154,-0.953538,0.286949,0.091792,0.223957,0.471331,0.853047,0.201517,0.833971,-0.513697,False,True,S1,True
S6_T2,1544818661.88,66.1,-124.79,36.24,-87.0,74.39,16.88,-46.61,0.34203002,-0.057330005,0.08154,-0.953538,0.286949,0.091792,0.223957,0.471331,0.853047,0.201517,0.833971,-0.513697,False,True,S1,True
S6_T2,1544818661.88,66.1,-124.79,36.24,-87.0,74.39,16.88,-46.61,0.34203002,-0.057330005,0.08154,-0.953538,0.286949,0.091792,0.223957,0.471331,0.853047,0.201517,0.833971,-0.513697,False,True,S1,True
S6_T2,1544818661.98,66.38,-124.73,36.07,-87.27,74.31,16.76,-46.61,0.34232002,-0.056400005,0.080520004,-0.954852,0.282746,0.091175,0.221851,0.474523,0.851828,0.197587,0.833596,-0.515826,False,True,S1,True
S6_T2,1544818661.98,66.38,-124.73,36.07,-87.27,74.31,16.76,-46.61,0.34232002,-0.056400005,0.080520004,-0.954852,0.282746,0.091175,0.221851,0.474523,0.851828,0.197587,0.833596,-0.515826,False,True,S1,True
S6_T2,1544818662.09,66.27,-124.86,36.39,-87.71,73.94,16.61,-46.61,0.34219003,-0.05544,0.08041001,-0.955086,0.280816,0.094619,0.223842,0.47446,0.851342,0.194177,0.834284,-0.516008,False,True,S1,True
S6_T2,1544818662.09,66.27,-124.86,36.39,-87.71,73.94,16.61,-46.61,0.34219003,-0.05544,0.08041001,-0.955086,0.280816,0.094619,0.223842,0.47446,0.851342,0.194177,0.834284,-0.516008,False,True,S1,True
S6_T2,1544818662.19,66.28,-124.86,36.4,-87.71,73.94,16.61,-46.61,0.34216002,-0.055250004,0.08042,-0.955659,0.279181,0.093664,0.222191,0.474892,0.851533,0.193252,0.834587,-0.515866,False,True,S1,True
S6_T2,1544818662.19,66.28,-124.86,36.4,-87.71,73.94,16.61,-46.61,0.34216002,-0.055250004,0.08042,-0.955659,0.279181,0.093664,0.222191,0.474892,0.851533,0.193252,0.834587,-0.515866,False,True,S1,True
S6_T2,1544818662.31,66.63,-124.86,36.14,-88.17,73.59,16.32,-46.61,0.34282002,-0.052910004,0.077240005,-0.956939,0.274969,0.093062,0.220062,0.478068,0.850308,0.189318,0.834172,-0.517991,False,True,S1,True
S6_T2,1544818662.31,66.63,-124.86,36.14,-88.17,73.59,16.32,-46.61,0.34282002,-0.052910004,0.077240005,-0.956939,0.274969,0.093062,0.220062,0.478068,0.850308,0.189318,0.834172,-0.517991,False,True,S1,True
S6_T2,1544818662.31,66.63,-124.86,36.14,-88.17,73.59,16.32,-46.61,0.34282002,-0.052910004,0.077240005,-0.956939,0.274969,0.093062,0.220062,0.478068,0.850308,0.189318,0.834172,-0.517991,False,True,S1,True
S6_T2,1544818662.48,66.78,-124.88,36.01,-88.61,73.27,16.15,-46.61,0.34229,-0.050740004,0.07451001,-0.957802,0.27068,0.096682,0.221822,0.482202,0.847512,0.182784,0.833195,-0.521897,False,True,S1,True
S6_T2,1544818662.48,66.78,-124.88,36.01,-88.61,73.27,16.15,-46.61,0.34229,-0.050740004,0.07451001,-0.957802,0.27068,0.096682,0.221822,0.482202,0.847512,0.182784,0.833195,-0.521897,False,True,S1,True
S6_T2,1544818662.48,66.78,-124.88,36.01,-88.61,73.27,16.15,-46.61,0.34229,-0.050740004,0.07451001,-0.957802,0.27068,0.096682,0.221822,0.482202,0.847512,0.182784,0.833195,-0.521897,False,True,S1,True
S6_T2,1544818662.61,66.82,-125.03,36.15,-89.22,72.86,16.01,-46.61,0.34204003,-0.049740005,0.0741,-0.958529,0.267893,0.097244,0.221055,0.48349,0.846978,0.179883,0.833349,-0.522658,False,True,S1,True
S6_T2,1544818662.61,66.82,-125.03,36.15,-89.22,72.86,16.01,-46.61,0.34204003,-0.049740005,0.0741,-0.958529,0.267893,0.097244,0.221055,0.48349,0.846978,0.179883,0.833349,-0.522658,False,True,S1,True
S6_T2,1544818662.72,66.81,-125.13,35.97,-89.71,72.24,15.51,-46.61,0.34142002,-0.048180003,0.0712,-0.959175,0.265283,0.098022,0.220382,0.483885,0.846928,0.177244,0.833954,-0.522594,False,True,S1,True
S6_T2,1544818662.72,66.81,-125.13,35.97,-89.71,72.24,15.51,-46.61,0.34142002,-0.048180003,0.0712,-0.959175,0.265283,0.098022,0.220382,0.483885,0.846928,0.177244,0.833954,-0.522594,False,True,S1,True
S6_T2,1544818662.72,66.81,-125.13,35.97,-89.71,72.24,15.51,-46.61,0.34142002,-0.048180003,0.0712,-0.959175,0.265283,0.098022,0.220382,0.483885,0.846928,0.177244,0.833954,-0.522594,False,True,S1,True
S6_T2,1544818662.86,66.81,-125.14,35.97,-89.86,72.16,15.3,-46.61,0.34158,-0.047610004,0.06932,-0.962884,0.250628,0.100201,0.215619,0.490911,0.844106,0.162367,0.834382,-0.52673,False,True,S1,True
S6_T2,1544818662.86,66.81,-125.14,35.97,-89.86,72.16,15.3,-46.61,0.34158,-0.047610004,0.06932,-0.962884,0.250628,0.100201,0.215619,0.490911,0.844106,0.162367,0.834382,-0.52673,False,True,S1,True
S6_T2,1544818662.96,66.9,-125.19,35.98,-90.32,71.89,14.72,-46.61,0.34153003,-0.047220003,0.06916001,-0.962884,0.250628,0.100201,0.215619,0.490911,0.844106,0.162367,0.834382,-0.52673,False,True,S1,True
S6_T2,1544818662.96,66.9,-125.19,35.98,-90.32,71.89,14.72,-46.61,0.34153003,-0.047220003,0.06916001,-0.962884,0.250628,0.100201,0.215619,0.490911,0.844106,0.162367,0.834382,-0.52673,False,True,S1,True
S6_T2,1544818663.06,67.17,-125.19,35.88,-90.87,71.8,14.26,-46.61,0.34173003,-0.04596,0.06661,-0.966834,0.235261,0.099417,0.208208,0.500567,0.840287,0.147922,0.833118,-0.532948,False,True,S1,True
S6_T2,1544818663.06,67.17,-125.19,35.88,-90.87,71.8,14.26,-46.61,0.34173003,-0.04596,0.06661,-0.966834,0.235261,0.099417,0.208208,0.500567,0.840287,0.147922,0.833118,-0.532948,False,True,S1,True
S6_T2,1544818663.17,67.36,-125.18,35.73,-91.25,71.68,13.93,-46.61,0.34188002,-0.045490004,0.065280005,-0.967912,0.231003,0.098916,0.20594,0.503629,0.839015,0.143998,0.832464,-0.535041,False,True,S1,True
S6_T2,1544818663.17,67.36,-125.18,35.73,-91.25,71.68,13.93,-46.61,0.34188002,-0.045490004,0.065280005,-0.967912,0.231003,0.098916,0.20594,0.503629,0.839015,0.143998,0.832464,-0.535041,False,True,S1,True
S6_T2,1544818663.17,67.36,-125.18,35.73,-91.25,71.68,13.93,-46.61,0.34188002,-0.045490004,0.065280005,-0.967912,0.231003,0.098916,0.20594,0.503629,0.839015,0.143998,0.832464,-0.535041,False,True,S1,True
S6_T2,1544818663.28,67.45,-125.28,35.77,-91.88,71.39,13.81,-46.61,0.34126002,-0.0439,0.063260004,-0.968479,0.228417,0.099363,0.205342,0.506302,0.837552,0.141004,0.831555,-0.537246,False,True,S1,True
S6_T2,1544818663.28,67.45,-125.28,35.77,-91.88,71.39,13.81,-46.61,0.34126002,-0.0439,0.063260004,-0.968479,0.228417,0.099363,0.205342,0.506302,0.837552,0.141004,0.831555,-0.537246,False,True,S1,True
S6_T2,1544818663.38,67.46,-125.28,35.77,-91.88,71.39,13.81,-46.61,0.34121,-0.04371,0.063250005,-0.96843,0.229373,0.097625,0.204376,0.506314,0.837781,0.142735,0.831285,-0.537208,False,True,S1,True
S6_T2,1544818663.38,67.46,-125.28,35.77,-91.88,71.39,13.81,-46.61,0.34121,-0.04371,0.063250005,-0.96843,0.229373,0.097625,0.204376,0.506314,0.837781,0.142735,0.831285,-0.537208,False,True,S1,True
S6_T2,1544818663.38,67.46,-125.28,35.77,-91.88,71.39,13.81,-46.61,0.34121,-0.04371,0.063250005,-0.96843,0.229373,0.097625,0.204376,0.506314,0.837781,0.142735,0.831285,-0.537208,False,True,S1,True
S6_T2,1544818663.51,67.82,-125.33,35.56,-92.59,70.87,14.02,-46.61,0.34177,-0.04087,0.05996,-0.967457,0.231969,0.101078,0.208932,0.50699,0.836247,0.142738,0.830151,-0.538957,False,True,S1,True
S6_T2,1544818663.51,67.82,-125.33,35.56,-92.59,70.87,14.02,-46.61,0.34177,-0.04087,0.05996,-0.967457,0.231969,0.101078,0.208932,0.50699,0.836247,0.142738,0.830151,-0.538957,False,True,S1,True
S6_T2,1544818663.51,67.82,-125.33,35.56,-92.59,70.87,14.02,-46.61,0.34177,-0.04087,0.05996,-0.967457,0.231969,0.101078,0.208932,0.50699,0.836247,0.142738,0.830151,-0.538957,False,True,S1,True
S6_T2,1544818663.66,68.2,-125.38,35.27,-93.23,70.36,14.23,-46.61,0.34184,-0.03829,0.055650003,-0.966924,0.233846,0.101854,0.21084,0.508051,0.835123,0.143543,0.828975,-0.540551,False,True,S1,True
S6_T2,1544818663.66,68.2,-125.38,35.27,-93.23,70.36,14.23,-46.61,0.34184,-0.03829,0.055650003,-0.966924,0.233846,0.101854,0.21084,0.508051,0.835123,0.143543,0.828975,-0.540551,False,True,S1,True
S6_T2,1544818663.66,68.2,-125.38,35.27,-93.23,70.36,14.23,-46.61,0.34184,-0.03829,0.055650003,-0.966924,0.233846,0.101854,0.21084,0.508051,0.835123,0.143543,0.828975,-0.540551,False,True,S1,True
S6_T2,1544818663.77,68.37,-125.4,34.83,-93.34,70.22,13.85,-46.61,0.34159002,-0.037880003,0.054770004,-0.966875,0.234799,0.100114,0.209876,0.508064,0.835358,0.145277,0.828698,-0.540513,False,True,S1,True
S6_T2,1544818663.77,68.37,-125.4,34.83,-93.34,70.22,13.85,-46.61,0.34159002,-0.037880003,0.054770004,-0.966875,0.234799,0.100114,0.209876,0.508064,0.835358,0.145277,0.828698,-0.540513,False,True,S1,True
S6_T2,1544818663.89,68.5,-125.44,34.51,-93.6,70.11,13.4,-46.61,0.34036002,-0.036820002,0.051710002,-0.968425,0.229613,0.097118,0.204715,0.510062,0.835421,0.142288,0.828924,-0.540962,False,True,S1,True
S6_T2,1544818663.89,68.5,-125.44,34.51,-93.6,70.11,13.4,-46.61,0.34036002,-0.036820002,0.051710002,-0.968425,0.229613,0.097118,0.204715,0.510062,0.835421,0.142288,0.828924,-0.540962,False,True,S1,True
S6_T2,1544818663.89,68.5,-125.44,34.51,-93.6,70.11,13.4,-46.61,0.34036002,-0.036820002,0.051710002,-0.968425,0.229613,0.097118,0.204715,0.510062,0.835421,0.142288,0.828924,-0.540962,False,True,S1,True
S6_T2,1544818663.99,68.58,-125.47,34.37,-93.75,70.05,13.19,-46.61,0.34012002,-0.036340002,0.05067,-0.970452,0.221213,0.096372,0.200208,0.515268,0.833316,0.134683,0.827988,-0.544331,False,True,S1,True
S6_T2,1544818664.1,68.9,-125.46,34.29,-94.5,70.18,12.29,-46.61,0.33993,-0.035800003,0.04853,-0.973868,0.207422,0.092509,0.190336,0.523154,0.830712,0.123911,0.826611,-0.548963,False,True,S1,True
S6_T2,1544818664.1,68.9,-125.46,34.29,-94.5,70.18,12.29,-46.61,0.33993,-0.035800003,0.04853,-0.973868,0.207422,0.092509,0.190336,0.523154,0.830712,0.123911,0.826611,-0.548963,False,True,S1,True
S6_T2,1544818664.1,68.9,-125.46,34.29,-94.5,70.18,12.29,-46.61,0.33993,-0.035800003,0.04853,-0.973868,0.207422,0.092509,0.190336,0.523154,0.830712,0.123911,0.826611,-0.548963,False,True,S1,True
S6_T2,1544818664.24,68.93,-125.45,34.26,-94.52,70.18,12.27,-46.61,0.33993,-0.03546,0.04785,-0.974291,0.205901,0.091442,0.188831,0.524946,0.829924,0.12288,0.825855,-0.550331,False,True,S1,True
S6_T2,1544818664.24,68.93,-125.45,34.26,-94.52,70.18,12.27,-46.61,0.33993,-0.03546,0.04785,-0.974291,0.205901,0.091442,0.188831,0.524946,0.829924,0.12288,0.825855,-0.550331,False,True,S1,True
S6_T2,1544818664.24,68.93,-125.45,34.26,-94.52,70.18,12.27,-46.61,0.33993,-0.03546,0.04785,-0.974291,0.205901,0.091442,0.188831,0.524946,0.829924,0.12288,0.825855,-0.550331,False,True,S1,True
S6_T2,1544818664.33,69.39,-125.45,33.74,-95.05,69.96,11.79,-46.61,0.34024,-0.034280002,0.044660002,-0.975253,0.201423,0.091159,0.186269,0.52645,0.829551,0.1191,0.826002,-0.550941,False,True,S1,True
S6_T2,1544818664.33,69.39,-125.45,33.74,-95.05,69.96,11.79,-46.61,0.34024,-0.034280002,0.044660002,-0.975253,0.201423,0.091159,0.186269,0.52645,0.829551,0.1191,0.826002,-0.550941,False,True,S1,True
S6_T2,1544818664.5,69.38,-125.5,33.62,-95.27,69.68,11.42,-46.61,0.33960003,-0.03371,0.042630002,-0.976155,0.196302,0.09267,0.184944,0.528555,0.828508,0.113656,0.825891,-0.552256,False,True,S1,True
S6_T2,1544818664.5,69.38,-125.5,33.62,-95.27,69.68,11.42,-46.61,0.33960003,-0.03371,0.042630002,-0.976155,0.196302,0.09267,0.184944,0.528555,0.828508,0.113656,0.825891,-0.552256,False,True,S1,True
S6_T2,1544818664.5,69.38,-125.5,33.62,-95.27,69.68,11.42,-46.61,0.33960003,-0.03371,0.042630002,-0.976155,0.196302,0.09267,0.184944,0.528555,0.828508,0.113656,0.825891,-0.552256,False,True,S1,True
S6_T2,1544818664.61,69.37,-125.54,33.56,-95.37,69.58,11.28,-46.61,0.33959,-0.033650003,0.04219,-0.976642,0.192759,0.094944,0.185208,0.531146,0.82679,0.108942,0.825063,-0.55444,False,True,S1,True
S6_T2,1544818664.71,69.4,-125.55,33.55,-95.61,69.35,11.13,-46.61,0.33979002,-0.0333,0.04167,-0.976642,0.192759,0.094944,0.185208,0.531146,0.82679,0.108942,0.825063,-0.55444,False,True,S1,True
S6_T2,1544818664.71,69.4,-125.55,33.55,-95.61,69.35,11.13,-46.61,0.33979002,-0.0333,0.04167,-0.976642,0.192759,0.094944,0.185208,0.531146,0.82679,0.108942,0.825063,-0.55444,False,True,S1,True
S6_T2,1544818664.71,69.4,-125.55,33.55,-95.61,69.35,11.13,-46.61,0.33979002,-0.0333,0.04167,-0.976642,0.192759,0.094944,0.185208,0.531146,0.82679,0.108942,0.825063,-0.55444,False,True,S1,True
S6_T2,1544818664.83,69.4,-125.55,33.55,-95.61,69.36,11.13,-46.61,0.33992004,-0.03319,0.04145,-0.976675,0.191871,0.096394,0.186224,0.533405,0.825106,0.106897,0.823811,-0.556695,False,True,S1,True
S6_T2,1544818664.83,69.4,-125.55,33.55,-95.61,69.36,11.13,-46.61,0.33992004,-0.03319,0.04145,-0.976675,0.191871,0.096394,0.186224,0.533405,0.825106,0.106897,0.823811,-0.556695,False,True,S1,True
S6_T2,1544818664.93,69.8,-125.55,33.21,-96.42,68.82,11.0,-46.61,0.3413,-0.03223,0.037630003,-0.977091,0.188689,0.098437,0.186816,0.538871,0.821412,0.101946,0.820984,-0.561776,False,True,S1,True
S6_T2,1544818664.93,69.8,-125.55,33.21,-96.42,68.82,11.0,-46.61,0.3413,-0.03223,0.037630003,-0.977091,0.188689,0.098437,0.186816,0.538871,0.821412,0.101946,0.820984,-0.561776,False,True,S1,True
S6_T2,1544818665.1,69.68,-125.63,33.27,-96.82,68.22,10.73,-46.61,0.34176004,-0.032380003,0.036630005,-0.97708,0.184075,0.106915,0.191544,0.541125,0.818837,0.092873,0.820549,-0.563981,False,True,S1,True
S6_T2,1544818665.1,69.68,-125.63,33.27,-96.82,68.22,10.73,-46.61,0.34176004,-0.032380003,0.036630005,-0.97708,0.184075,0.106915,0.191544,0.541125,0.818837,0.092873,0.820549,-0.563981,False,True,S1,True
S6_T2,1544818665.1,69.68,-125.63,33.27,-96.82,68.22,10.73,-46.61,0.34176004,-0.032380003,0.036630005,-0.97708,0.184075,0.106915,0.191544,0.541125,0.818837,0.092873,0.820549,-0.563981,False,True,S1,True
S6_T2,1544818665.21,69.62,-125.66,33.31,-96.88,68.11,10.68,-46.61,0.34182003,-0.032270003,0.036470003,-0.977803,0.177078,0.112006,0.192003,0.54324,0.817328,0.083885,0.820691,-0.565181,False,True,S1,True
S6_T2,1544818665.21,69.62,-125.66,33.31,-96.88,68.11,10.68,-46.61,0.34182003,-0.032270003,0.036470003,-0.977803,0.177078,0.112006,0.192003,0.54324,0.817328,0.083885,0.820691,-0.565181,False,True,S1,True
S6_T2,1544818665.32,69.53,-125.76,33.3,-97.41,67.15,10.05,-46.61,0.34302,-0.032040004,0.0348,-0.978076,0.171702,0.117837,0.194026,0.545839,0.815116,0.075637,0.820109,-0.567187,False,True,S1,True
S6_T2,1544818665.32,69.53,-125.76,33.3,-97.41,67.15,10.05,-46.61,0.34302,-0.032040004,0.0348,-0.978076,0.171702,0.117837,0.194026,0.545839,0.815116,0.075637,0.820109,-0.567187,False,True,S1,True
S6_T2,1544818665.48,69.56,-125.76,33.24,-97.47,67.0,9.95,-46.61,0.34462002,-0.031620003,0.03288,-0.978148,0.164473,0.127184,0.19786,0.548474,0.812421,0.063864,0.819832,-0.569031,False,True,S1,True
S6_T2,1544818665.48,69.56,-125.76,33.24,-97.47,67.0,9.95,-46.61,0.34462002,-0.031620003,0.03288,-0.978148,0.164473,0.127184,0.19786,0.548474,0.812421,0.063864,0.819832,-0.569031,False,True,S1,True
S6_T2,1544818665.48,69.56,-125.76,33.24,-97.47,67.0,9.95,-46.61,0.34462002,-0.031620003,0.03288,-0.978148,0.164473,0.127184,0.19786,0.548474,0.812421,0.063864,0.819832,-0.569031,False,True,S1,True
S6_T2,1544818665.59,69.85,-125.76,32.84,-97.91,66.09,9.34,-46.61,0.34570003,-0.03131,0.031510003,-0.977998,0.162605,0.130692,0.199699,0.548508,0.811948,0.060341,0.820182,-0.568912,False,True,S1,True
S6_T2,1544818665.59,69.85,-125.76,32.84,-97.91,66.09,9.34,-46.61,0.34570003,-0.03131,0.031510003,-0.977998,0.162605,0.130692,0.199699,0.548508,0.811948,0.060341,0.820182,-0.568912,False,True,S1,True
