S8_T1,1544827690.01,-74.55,-116.51,30.45,84.05,68.46,1.99,50.71,0.41738003,0.05166,0.09922001,-0.976183,0.117615,0.182301,-0.100431,0.499843,-0.860273,-0.192303,-0.858093,-0.476126,False,False,NA,NA
S8_T1,1544827690.37,-74.55,-116.51,30.45,84.05,68.46,1.99,50.71,0.41738003,0.05166,0.09922001,-0.976183,0.117615,0.182301,-0.100431,0.499843,-0.860273,-0.192303,-0.858093,-0.476126,False,False,NA,NA
S8_T1,1544827690.45,-74.55,-116.51,30.45,84.05,68.46,1.99,50.71,0.41738003,0.05166,0.09922001,-0.976183,0.117615,0.182301,-0.100431,0.499843,-0.860273,-0.192303,-0.858093,-0.476126,False,False,NA,NA
S8_T1,1544827690.55,-74.55,-116.51,30.45,84.05,68.46,1.99,50.71,0.41738003,0.05166,0.09922001,-0.976183,0.117615,0.182301,-0.100431,0.499843,-0.860273,-0.192303,-0.858093,-0.476126,False,False,NA,NA
S8_T1,1544827690.65,-74.55,-116.51,30.45,84.05,68.46,1.99,50.71,0.41738003,0.05166,0.09922001,-0.976183,0.117615,0.182301,-0.100431,0.499843,-0.860273,-0.192303,-0.858093,-0.476126,False,False,NA,NA
S8_T1,1544827690.83,-74.55,-116.51,30.45,84.05,68.46,1.99,50.71,0.41738003,0.05166,0.09922001,-0.976183,0.117615,0.182301,-0.100431,0.499843,-0.860273,-0.192303,-0.858093,-0.476126,False,False,NA,NA
S8_T1,1544827690.92,-74.55,-116.51,30.45,84.05,68.46,1.99,50.71,0.41738003,0.05166,0.09922001,-0.976183,0.117615,0.182301,-0.100431,0.499843,-0.860273,-0.192303,-0.858093,-0.476126,False,False,NA,NA
S8_T1,1544827691.01,-74.55,-116.51,30.45,84.05,68.46,1.99,50.71,0.41738003,0.05166,0.09922001,-0.976183,0.117615,0.182301,-0.100431,0.499843,-0.860273,-0.192303,-0.858093,-0.476126,False,False,NA,NA
S8_T1,1544827691.2,-74.55,-116.51,30.45,84.05,68.46,1.99,50.71,0.41738003,0.05166,0.09922001,-0.976183,0.117615,0.182301,-0.100431,0.499843,-0.860273,-0.192303,-0.858093,-0.476126,False,False,NA,NA
S8_T1,1544827691.29,-74.55,-116.51,30.45,84.05,68.46,1.99,50.71,0.41738003,0.05166,0.09922001,-0.976183,0.117615,0.182301,-0.100431,0.499843,-0.860273,-0.192303,-0.858093,-0.476126,False,False,NA,NA
S8_T1,1544827691.38,-74.55,-116.51,30.45,84.05,68.46,1.99,50.71,0.41738003,0.05166,0.09922001,-0.976183,0.117615,0.182301,-0.100431,0.499843,-0.860273,-0.192303,-0.858093,-0.476126,False,False,NA,NA
S8_T1,1544827691.47,-74.55,-116.51,30.45,84.05,68.46,1.99,50.71,0.41738003,0.05166,0.09922001,-0.976183,0.117615,0.182301,-0.100431,0.499843,-0.860273,-0.192303,-0.858093,-0.476126,False,False,NA,NA
S8_T1,1544827691.57,-74.55,-116.51,30.45,84.05,68.46,1.99,50.71,0.41738003,0.05166,0.09922001,-0.976183,0.117615,0.182301,-0.100431,0.499843,-0.860273,-0.192303,-0.858093,-0.476126,False,False,NA,NA
S8_T1,1544827691.66,-74.55,-116.51,30.45,84.05,68.46,1.99,50.71,0.41738003,0.05166,0.09922001,-0.976183,0.117615,0.182301,-0.100431,0.499843,-0.860273,-0.192303,-0.858093,-0.476126,False,False,NA,NA
S8_T1,1544827691.82,-74.55,-116.51,30.45,84.05,68.46,1.99,50.71,0.41738003,0.05166,0.09922001,-0.976183,0.117615,0.182301,-0.100431,0.499843,-0.860273,-0.192303,-0.858093,-0.476126,False,False,NA,NA
S8_T1,1544827691.82,-74.55,-116.51,30.45,84.05,68.46,1.99,50.71,0.41738003,0.05166,0.09922001,-0.976183,0.117615,0.182301,-0.100431,0.499843,-0.860273,-0.192303,-0.858093,-0.476126,False,False,NA,NA
S8_T1,1544827691.94,-74.55,-116.51,30.45,84.05,68.46,1.99,50.71,0.41738003,0.05166,0.09922001,-0.976183,0.117615,0.182301,-0.100431,0.499843,-0.860273,-0.192303,-0.858093,-0.476126,False,False,NA,NA
S8_T1,1544827692.04,-74.55,-116.51,30.45,84.05,68.46,1.99,50.71,0.41738003,0.05166,0.09922001,-0.976183,0.117615,0.182301,-0.100431,0.499843,-0.860273,-0.192303,-0.858093,-0.476126,False,False,NA,NA
S8_T1,1544827692.04,-74.55,-116.51,30.45,84.05,68.46,1.99,50.71,0.41738003,0.05166,0.09922001,-0.976183,0.117615,0.182301,-0.100431,0.499843,-0.860273,-0.192303,-0.858093,-0.476126,False,False,NA,NA
S8_T1,1544827692.2,-74.55,-116.51,30.45,84.05,68.46,1.99,50.71,0.41738003,0.05166,0.09922001,-0.976183,0.117615,0.182301,-0.100431,0.499843,-0.860273,-0.192303,-0.858093,-0.476126,False,False,NA,NA
S8_T1,1544827692.2,-74.55,-116.51,30.45,84.05,68.46,1.99,50.71,0.41738003,0.05166,0.09922001,-0.976183,0.117615,0.182301,-0.100431,0.499843,-0.860273,-0.192303,-0.858093,-0.476126,False,False,NA,NA
S8_T1,1544827692.3,-74.55,-116.51,30.45,84.05,68.46,1.99,50.71,0.41738003,0.05166,0.09922001,-0.976183,0.117615,0.182301,-0.100431,0.499843,-0.860273,-0.192303,-0.858093,-0.476126,False,False,NA,NA
S8_T1,1544827692.42,-74.42,-116.62,30.45,83.95,68.47,2.54,50.71,0.41496,0.050680004,0.09838,-0.976042,0.126577,0.176978,-0.092262,0.495867,-0.863483,-0.197055,-0.859124,-0.472309,False,False,NA,NA
S8_T1,1544827692.42,-74.42,-116.62,30.45,83.95,68.47,2.54,50.71,0.41496,0.050680004,0.09838,-0.976042,0.126577,0.176978,-0.092262,0.495867,-0.863483,-0.197055,-0.859124,-0.472309,False,False,NA,NA
S8_T1,1544827692.54,-74.22,-116.79,30.41,83.73,68.52,3.26,50.71,0.41295004,0.05012,0.09777,-0.976766,0.130127,0.17028,-0.085567,0.491672,-0.866566,-0.196486,-0.861003,-0.469114,False,False,NA,NA
S8_T1,1544827692.54,-74.22,-116.79,30.41,83.73,68.52,3.26,50.71,0.41295004,0.05012,0.09777,-0.976766,0.130127,0.17028,-0.085567,0.491672,-0.866566,-0.196486,-0.861003,-0.469114,False,False,NA,NA
S8_T1,1544827692.67,-74.37,-116.71,29.68,82.83,69.36,4.23,50.71,0.41031003,0.049500003,0.09707,-0.977837,0.13293,0.161754,-0.078163,0.48495,-0.871042,-0.19423,-0.86438,-0.463812,False,False,NA,NA
S8_T1,1544827692.78,-74.31,-116.75,29.7,82.87,69.5,4.17,50.71,0.40883002,0.049590003,0.09640001,-0.979152,0.128067,0.157669,-0.076718,0.485561,-0.87083,-0.188082,-0.864772,-0.465613,False,False,NA,NA
S8_T1,1544827692.78,-74.31,-116.75,29.7,82.87,69.5,4.17,50.71,0.40883002,0.049590003,0.09640001,-0.979152,0.128067,0.157669,-0.076718,0.485561,-0.87083,-0.188082,-0.864772,-0.465613,False,False,NA,NA
S8_T1,1544827692.88,-74.03,-116.95,29.81,83.02,69.9,3.88,50.71,0.40529004,0.049730003,0.09487001,-0.981193,0.12123,0.150211,-0.073281,0.485978,-0.870893,-0.178577,-0.865522,-0.467954,False,False,NA,NA
S8_T1,1544827692.98,-73.74,-117.12,29.89,82.97,69.91,4.12,50.71,0.40276003,0.049720004,0.09397001,-0.981123,0.123186,0.149076,-0.071839,0.483546,-0.872366,-0.179549,-0.866607,-0.465569,False,False,NA,NA
S8_T1,1544827693.08,-73.29,-117.37,29.99,82.67,69.71,4.79,50.71,0.40046,0.04946,0.093650006,-0.981048,0.125141,0.147934,-0.070398,0.481107,-0.873831,-0.180524,-0.867684,-0.463179,False,False,NA,NA
S8_T1,1544827693.08,-73.29,-117.37,29.99,82.67,69.71,4.79,50.71,0.40046,0.04946,0.093650006,-0.981048,0.125141,0.147934,-0.070398,0.481107,-0.873831,-0.180524,-0.867684,-0.463179,False,False,NA,NA
S8_T1,1544827693.17,-73.18,-117.47,29.97,82.62,69.8,4.91,50.71,0.39877,0.049040005,0.092980005,-0.981801,0.123151,0.144568,-0.068387,0.48091,-0.874099,-0.17717,-0.868078,-0.463736,False,True,S1,True
S8_T1,1544827693.28,-73.17,-117.48,29.97,82.61,69.8,4.91,50.71,0.39874002,0.049060002,0.09295,-0.981801,0.123151,0.144568,-0.068387,0.48091,-0.874099,-0.17717,-0.868078,-0.463736,False,True,S1,True
S8_T1,1544827693.4,-72.99,-117.56,29.95,82.62,70.26,4.92,50.71,0.39557004,0.04969,0.09175,-0.98358,0.119703,0.135058,-0.061496,0.481274,-0.87441,-0.169669,-0.868359,-0.46601,False,True,S1,True
S8_T1,1544827693.4,-72.99,-117.56,29.95,82.62,70.26,4.92,50.71,0.39557004,0.04969,0.09175,-0.98358,0.119703,0.135058,-0.061496,0.481274,-0.87441,-0.169669,-0.868359,-0.46601,False,True,S1,True
S8_T1,1544827693.5,-72.84,-117.64,29.94,82.64,70.59,4.94,50.71,0.39388,0.050060004,0.09097,-0.984279,0.117708,0.131681,-0.059481,0.481091,-0.87465,-0.166304,-0.868732,-0.466527,False,True,S1,True
S8_T1,1544827693.61,-72.49,-117.79,30.07,82.65,70.83,5.02,50.71,0.39029002,0.050970003,0.09006,-0.98557,0.115212,0.124008,-0.053491,0.483082,-0.873939,-0.160594,-0.867962,-0.469949,False,True,S1,True
S8_T1,1544827693.71,-71.99,-118.02,30.29,82.65,71.17,5.14,50.71,0.38656002,0.0518,0.08923001,-0.986478,0.113727,0.118017,-0.048517,0.485167,-0.873075,-0.15655,-0.866995,-0.473088,False,True,S1,True
S8_T1,1544827693.84,-71.47,-118.25,30.53,82.65,71.54,5.27,50.71,0.38226002,0.05273,0.088350005,-0.987649,0.111262,0.110318,-0.042548,0.487176,-0.872267,-0.150794,-0.866187,-0.476425,False,True,S1,True
S8_T1,1544827693.93,-71.17,-118.39,30.76,82.9,71.82,5.17,50.71,0.37962002,0.053330004,0.08743001,-0.988453,0.109771,0.104456,-0.037487,0.490773,-0.87048,-0.146818,-0.864345,-0.480991,False,True,S1,True
S8_T1,1544827693.93,-71.17,-118.39,30.76,82.9,71.82,5.17,50.71,0.37962002,0.053330004,0.08743001,-0.988453,0.109771,0.104456,-0.037487,0.490773,-0.87048,-0.146818,-0.864345,-0.480991,False,True,S1,True
S8_T1,1544827694.13,-70.53,-118.7,31.19,83.27,72.1,5.13,50.71,0.37466002,0.054360002,0.08574,-0.989311,0.106409,0.099699,-0.033957,0.496807,-0.867196,-0.141809,-0.861313,-0.487884,False,True,S1,True
S8_T1,1544827694.13,-70.53,-118.7,31.19,83.27,72.1,5.13,50.71,0.37466002,0.054360002,0.08574,-0.989311,0.106409,0.099699,-0.033957,0.496807,-0.867196,-0.141809,-0.861313,-0.487884,False,True,S1,True
S8_T1,1544827694.32,-69.43,-119.2,31.61,83.47,72.1,5.75,50.71,0.36713,0.055630002,0.08302,-0.989952,0.106693,0.0928,-0.027201,0.500334,-0.865405,-0.138764,-0.859233,-0.492405,False,True,S1,True
S8_T1,1544827694.32,-69.43,-119.2,31.61,83.47,72.1,5.75,50.71,0.36713,0.055630002,0.08302,-0.989952,0.106693,0.0928,-0.027201,0.500334,-0.865405,-0.138764,-0.859233,-0.492405,False,True,S1,True
S8_T1,1544827694.32,-69.43,-119.2,31.61,83.47,72.1,5.75,50.71,0.36713,0.055630002,0.08302,-0.989952,0.106693,0.0928,-0.027201,0.500334,-0.865405,-0.138764,-0.859233,-0.492405,False,True,S1,True
S8_T1,1544827694.42,-69.04,-119.37,31.74,83.54,72.08,5.94,50.71,0.36499,0.056080006,0.08217,-0.990234,0.105572,0.091059,-0.026114,0.501131,-0.864978,-0.13695,-0.858908,-0.493479,False,True,S1,True
S8_T1,1544827694.54,-68.64,-119.55,31.96,83.8,72.22,5.8,50.71,0.36141002,0.056750003,0.08071,-0.991677,0.096871,0.084809,-0.024137,0.507152,-0.861519,-0.126467,-0.856395,-0.500593,False,True,S1,True
S8_T1,1544827694.54,-68.64,-119.55,31.96,83.8,72.22,5.8,50.71,0.36141002,0.056750003,0.08071,-0.991677,0.096871,0.084809,-0.024137,0.507152,-0.861519,-0.126467,-0.856395,-0.500593,False,True,S1,True
S8_T1,1544827694.8,-67.46,-120.05,32.39,84.41,72.22,6.05,50.71,0.35317004,0.05837,0.07643,-0.992528,0.094354,0.077364,-0.01791,0.514526,-0.857288,-0.120694,-0.852268,-0.508992,False,True,S1,True
S8_T1,1544827694.8,-67.46,-120.05,32.39,84.41,72.22,6.05,50.71,0.35317004,0.05837,0.07643,-0.992528,0.094354,0.077364,-0.01791,0.514526,-0.857288,-0.120694,-0.852268,-0.508992,False,True,S1,True
S8_T1,1544827694.8,-67.46,-120.05,32.39,84.41,72.22,6.05,50.71,0.35317004,0.05837,0.07643,-0.992528,0.094354,0.077364,-0.01791,0.514526,-0.857288,-0.120694,-0.852268,-0.508992,False,True,S1,True
S8_T1,1544827694.9,-67.06,-120.23,32.51,84.68,72.15,6.37,50.71,0.35012,0.058640003,0.0746,-0.992662,0.094956,0.074868,-0.014922,0.518225,-0.855114,-0.119997,-0.849957,-0.513005,False,True,S1,True
S8_T1,1544827695.01,-66.71,-120.39,32.63,84.91,72.1,6.65,50.71,0.34780002,0.05891,0.07333001,-0.992574,0.096554,0.073988,-0.013011,0.520478,-0.853776,-0.120944,-0.848399,-0.515357,False,True,S1,True
S8_T1,1544827695.01,-66.71,-120.39,32.63,84.91,72.1,6.65,50.71,0.34780002,0.05891,0.07333001,-0.992574,0.096554,0.073988,-0.013011,0.520478,-0.853776,-0.120944,-0.848399,-0.515357,False,True,S1,True
S8_T1,1544827695.11,-66.3,-120.55,32.76,85.12,72.1,6.9,50.71,0.34432003,0.059470005,0.07168,-0.992812,0.097947,0.068785,-0.007308,0.524025,-0.851671,-0.119463,-0.846052,-0.519543,False,True,S1,True
S8_T1,1544827695.11,-66.3,-120.55,32.76,85.12,72.1,6.9,50.71,0.34432003,0.059470005,0.07168,-0.992812,0.097947,0.068785,-0.007308,0.524025,-0.851671,-0.119463,-0.846052,-0.519543,False,True,S1,True
S8_T1,1544827695.11,-66.3,-120.55,32.76,85.12,72.1,6.9,50.71,0.34432003,0.059470005,0.07168,-0.992812,0.097947,0.068785,-0.007308,0.524025,-0.851671,-0.119463,-0.846052,-0.519543,False,True,S1,True
S8_T1,1544827695.43,-66.17,-120.61,33.04,86.1,73.17,6.65,50.71,0.33952,0.061060004,0.068730004,-0.993846,0.098496,0.050675,0.009997,0.535385,-0.844549,-0.110315,-0.838845,-0.533075,False,True,S1,True
S8_T1,1544827695.43,-66.17,-120.61,33.04,86.1,73.17,6.65,50.71,0.33952,0.061060004,0.068730004,-0.993846,0.098496,0.050675,0.009997,0.535385,-0.844549,-0.110315,-0.838845,-0.533075,False,True,S1,True
S8_T1,1544827695.54,-65.51,-120.82,32.93,86.21,73.2,7.19,50.71,0.33506,0.062740006,0.06598001,-0.994378,0.095542,0.045655,0.013123,0.539024,-0.842188,-0.105073,-0.836854,-0.537247,False,True,S1,True
S8_T1,1544827695.54,-65.51,-120.82,32.93,86.21,73.2,7.19,50.71,0.33506,0.062740006,0.06598001,-0.994378,0.095542,0.045655,0.013123,0.539024,-0.842188,-0.105073,-0.836854,-0.537247,False,True,S1,True
S8_T1,1544827695.54,-65.51,-120.82,32.93,86.21,73.2,7.19,50.71,0.33506,0.062740006,0.06598001,-0.994378,0.095542,0.045655,0.013123,0.539024,-0.842188,-0.105073,-0.836854,-0.537247,False,True,S1,True
S8_T1,1544827695.54,-65.51,-120.82,32.93,86.21,73.2,7.19,50.71,0.33506,0.062740006,0.06598001,-0.994378,0.095542,0.045655,0.013123,0.539024,-0.842188,-0.105073,-0.836854,-0.537247,False,True,S1,True
S8_T1,1544827695.96,-63.71,-121.48,33.17,86.75,72.68,7.72,50.71,0.32171002,0.063540004,0.059480004,-0.996093,0.080772,0.035689,0.014017,0.543651,-0.839194,-0.087186,-0.835415,-0.54266,False,True,S1,True
S8_T1,1544827695.96,-63.71,-121.48,33.17,86.75,72.68,7.72,50.71,0.32171002,0.063540004,0.059480004,-0.996093,0.080772,0.035689,0.014017,0.543651,-0.839194,-0.087186,-0.835415,-0.54266,False,True,S1,True
S8_T1,1544827695.96,-63.71,-121.48,33.17,86.75,72.68,7.72,50.71,0.32171002,0.063540004,0.059480004,-0.996093,0.080772,0.035689,0.014017,0.543651,-0.839194,-0.087186,-0.835415,-0.54266,False,True,S1,True
S8_T1,1544827695.96,-63.71,-121.48,33.17,86.75,72.68,7.72,50.71,0.32171002,0.063540004,0.059480004,-0.996093,0.080772,0.035689,0.014017,0.543651,-0.839194,-0.087186,-0.835415,-0.54266,False,True,S1,True
S8_T1,1544827695.96,-63.71,-121.48,33.17,86.75,72.68,7.72,50.71,0.32171002,0.063540004,0.059480004,-0.996093,0.080772,0.035689,0.014017,0.543651,-0.839194,-0.087186,-0.835415,-0.54266,False,True,S1,True
S8_T1,1544827696.27,-63.11,-121.74,33.03,87.35,72.86,7.93,50.71,0.31465,0.063880004,0.055090003,-0.996976,0.07402,0.02367,0.020964,0.549455,-0.83526,-0.074832,-0.832238,-0.549345,False,True,S1,True
S8_T1,1544827696.27,-63.11,-121.74,33.03,87.35,72.86,7.93,50.71,0.31465,0.063880004,0.055090003,-0.996976,0.07402,0.02367,0.020964,0.549455,-0.83526,-0.074832,-0.832238,-0.549345,False,True,S1,True
S8_T1,1544827696.27,-63.11,-121.74,33.03,87.35,72.86,7.93,50.71,0.31465,0.063880004,0.055090003,-0.996976,0.07402,0.02367,0.020964,0.549455,-0.83526,-0.074832,-0.832238,-0.549345,False,True,S1,True
S8_T1,1544827696.41,-62.46,-121.96,33.16,87.77,72.79,8.18,50.71,0.30951002,0.06417,0.052610002,-0.997388,0.070231,0.016866,0.024983,0.554551,-0.831774,-0.067769,-0.829181,-0.554858,False,True,S1,True
S8_T1,1544827696.41,-62.46,-121.96,33.16,87.77,72.79,8.18,50.71,0.30951002,0.06417,0.052610002,-0.997388,0.070231,0.016866,0.024983,0.554551,-0.831774,-0.067769,-0.829181,-0.554858,False,True,S1,True
S8_T1,1544827696.51,-62.27,-122.04,33.23,88.0,72.79,8.15,50.71,0.30772,0.06448001,0.05144,-0.997848,0.06465,0.010986,0.027202,0.560507,-0.827703,-0.059669,-0.825622,-0.561059,False,True,S1,True
S8_T1,1544827696.51,-62.27,-122.04,33.23,88.0,72.79,8.15,50.71,0.30772,0.06448001,0.05144,-0.997848,0.06465,0.010986,0.027202,0.560507,-0.827703,-0.059669,-0.825622,-0.561059,False,True,S1,True
S8_T1,1544827696.64,-62.15,-122.19,33.43,88.92,73.05,7.48,50.71,0.30414003,0.06372,0.048740003,-0.998069,0.061838,0.005826,0.030137,0.564152,-0.825121,-0.054311,-0.823352,-0.564926,False,True,S1,True
S8_T1,1544827696.64,-62.15,-122.19,33.43,88.92,73.05,7.48,50.71,0.30414003,0.06372,0.048740003,-0.998069,0.061838,0.005826,0.030137,0.564152,-0.825121,-0.054311,-0.823352,-0.564926,False,True,S1,True
S8_T1,1544827696.79,-62.29,-122.24,33.41,89.31,72.93,7.41,50.71,0.30414003,0.06102,0.046630003,-0.998093,0.061715,0.001439,0.033826,0.566267,-0.823527,-0.051639,-0.821908,-0.567275,False,True,S1,True
S8_T1,1544827696.79,-62.29,-122.24,33.41,89.31,72.93,7.41,50.71,0.30414003,0.06102,0.046630003,-0.998093,0.061715,0.001439,0.033826,0.566267,-0.823527,-0.051639,-0.821908,-0.567275,False,True,S1,True
S8_T1,1544827696.89,-62.88,-122.22,33.22,89.91,72.85,7.02,50.71,0.30432,0.05953,0.044880003,-0.9982,0.059921,0.002449,0.032114,0.568571,-0.822007,-0.050648,-0.820449,-0.569472,False,True,S1,True
S8_T1,1544827697.0,-62.91,-122.32,33.4,90.52,72.52,6.72,50.71,0.30403,0.05835,0.04367,-0.998258,0.058996,0.000811,0.033152,0.572224,-0.819427,-0.048807,-0.817972,-0.573183,False,True,S1,True
S8_T1,1544827697.0,-62.91,-122.32,33.4,90.52,72.52,6.72,50.71,0.30403,0.05835,0.04367,-0.998258,0.058996,0.000811,0.033152,0.572224,-0.819427,-0.048807,-0.817972,-0.573183,False,True,S1,True
S8_T1,1544827697.1,-63.21,-122.36,33.25,91.34,72.52,6.53,50.71,0.30294,0.057340004,0.04003,-0.998253,0.058992,-0.003423,0.03699,0.578669,-0.814723,-0.046082,-0.813426,-0.57984,False,True,S1,True
S8_T1,1544827697.1,-63.21,-122.36,33.25,91.34,72.52,6.53,50.71,0.30294,0.057340004,0.04003,-0.998253,0.058992,-0.003423,0.03699,0.578669,-0.814723,-0.046082,-0.813426,-0.57984,False,True,S1,True
S8_T1,1544827697.22,-63.09,-122.46,33.57,92.24,72.19,6.05,50.71,0.30238003,0.057320002,0.038790002,-0.99831,0.058112,-0.00052,0.034451,0.584586,-0.8106,-0.046801,-0.809248,-0.5856,False,True,S1,True
S8_T1,1544827697.22,-63.09,-122.46,33.57,92.24,72.19,6.05,50.71,0.30238003,0.057320002,0.038790002,-0.99831,0.058112,-0.00052,0.034451,0.584586,-0.8106,-0.046801,-0.809248,-0.5856,False,True,S1,True
S8_T1,1544827697.32,-63.05,-122.47,33.61,92.28,72.16,6.02,50.71,0.3023,0.057330005,0.038720004,-0.99831,0.058112,-0.00052,0.034451,0.584586,-0.8106,-0.046801,-0.809248,-0.5856,False,True,S1,True
S8_T1,1544827697.42,-62.96,-122.54,33.56,92.9,71.93,6.28,50.71,0.30096,0.058060005,0.0355,-0.997928,0.064331,-0.001095,0.039155,0.593719,-0.80372,-0.051054,-0.802097,-0.595007,False,True,S1,True
S8_T1,1544827697.52,-62.9,-122.59,33.49,93.24,71.77,6.45,50.71,0.30046,0.05835,0.03426,-0.997926,0.06436,-0.001038,0.039219,0.595151,-0.802656,-0.051042,-0.801032,-0.596441,False,True,S1,True
S8_T1,1544827697.63,-62.84,-122.63,33.3,93.62,71.38,6.9,50.71,0.29966003,0.058730002,0.031010002,-0.997373,0.072419,0.001853,0.042075,0.599906,-0.798963,-0.058972,-0.796786,-0.601377,False,True,S1,True
S8_T1,1544827697.73,-62.76,-122.69,33.0,94.14,70.83,7.51,50.71,0.29876003,0.059290003,0.027660001,-0.997101,0.075931,0.004808,0.04228,0.605527,-0.794701,-0.063253,-0.792194,-0.606982,False,True,S1,True
S8_T1,1544827697.84,-62.39,-122.83,32.97,94.4,70.46,7.83,50.71,0.29568002,0.05917,0.025940001,-0.997099,0.07596,0.004878,0.042356,0.606949,-0.793612,-0.063243,-0.791103,-0.608405,False,True,S1,True
S8_T1,1544827697.84,-62.39,-122.83,32.97,94.4,70.46,7.83,50.71,0.29568002,0.05917,0.025940001,-0.997099,0.07596,0.004878,0.042356,0.606949,-0.793612,-0.063243,-0.791103,-0.608405,False,True,S1,True
S8_T1,1544827697.97,-62.0,-122.98,33.08,94.62,70.13,8.08,50.71,0.29363,0.058900006,0.025030002,-0.997243,0.074197,0.001293,0.044128,0.60692,-0.793537,-0.059662,-0.791292,-0.608521,False,True,S1,True
S8_T1,1544827698.08,-62.1,-122.92,32.66,94.4,70.36,8.23,50.71,0.29295003,0.059700005,0.023920001,-0.997243,0.074197,0.001293,0.044128,0.60692,-0.793537,-0.059662,-0.791292,-0.608521,False,True,S1,True
S8_T1,1544827698.19,-62.29,-122.91,32.33,94.57,70.24,8.7,50.71,0.29340002,0.060040005,0.021520002,-0.996688,0.081281,0.002332,0.04779,0.608738,-0.79193,-0.065789,-0.789196,-0.610607,False,True,S1,True
S8_T1,1544827698.29,-62.43,-122.9,32.08,94.68,70.1,9.03,50.71,0.29344,0.060050003,0.02043,-0.996155,0.087597,0.001443,0.052289,0.607689,-0.792452,-0.070293,-0.789329,-0.609933,False,True,S1,True
S8_T1,1544827698.4,-62.22,-122.94,31.77,94.48,69.87,10.66,50.71,0.29170004,0.06032,0.01916,-0.994896,0.100898,0.001435,0.060264,0.605512,-0.793552,-0.080937,-0.789415,-0.608501,False,True,S1,True
S8_T1,1544827698.51,-62.21,-122.95,31.77,94.48,69.86,10.67,50.71,0.29166,0.060360003,0.01914,-0.994891,0.100941,0.001526,0.060363,0.606929,-0.79246,-0.080918,-0.788319,-0.609922,False,True,S1,True
S8_T1,1544827698.61,-61.75,-123.07,32.33,95.19,69.6,9.83,50.71,0.28988,0.060830005,0.01864,-0.995502,0.094696,0.002805,0.056225,0.614388,-0.786998,-0.076249,-0.783301,-0.616949,False,True,S1,True
S8_T1,1544827698.73,-61.75,-123.07,32.34,95.2,69.6,9.82,50.71,0.29003,0.060970005,0.01865,-0.995998,0.089371,0.001161,0.054551,0.618131,-0.78418,-0.070801,-0.780978,-0.620532,False,True,S1,True
S8_T1,1544827698.84,-61.73,-123.06,32.72,95.95,69.76,8.74,50.71,0.29025,0.062000003,0.0182,-0.996391,0.084872,0.001406,0.052048,0.62395,-0.779729,-0.067055,-0.776841,-0.626116,False,True,S1,True
S8_T1,1544827698.97,-61.73,-123.06,32.71,95.94,69.76,8.76,50.71,0.29022002,0.06256001,0.018370003,-0.996153,0.087599,-0.002319,0.05636,0.620194,-0.782421,-0.067101,-0.779542,-0.622746,False,True,S1,True
S8_T1,1544827698.97,-61.73,-123.06,32.71,95.94,69.76,8.76,50.71,0.29022002,0.06256001,0.018370003,-0.996153,0.087599,-0.002319,0.05636,0.620194,-0.782421,-0.067101,-0.779542,-0.622746,False,True,S1,True
S8_T1,1544827699.08,-61.71,-122.92,32.18,95.12,70.43,9.51,50.71,0.28942004,0.06486,0.01834,-0.996065,0.088484,-0.005064,0.05894,0.618644,-0.783458,-0.066191,-0.780673,-0.621424,False,True,S1,True
S8_T1,1544827699.08,-61.71,-122.92,32.18,95.12,70.43,9.51,50.71,0.28942004,0.06486,0.01834,-0.996065,0.088484,-0.005064,0.05894,0.618644,-0.783458,-0.066191,-0.780673,-0.621424,False,True,S1,True
S8_T1,1544827699.19,-61.78,-122.89,31.85,95.02,70.44,10.16,50.71,0.28913003,0.065460004,0.01713,-0.995479,0.094802,-0.005918,0.063472,0.617558,-0.78396,-0.070666,-0.780791,-0.620783,False,True,S1,True
S8_T1,1544827699.19,-61.78,-122.89,31.85,95.02,70.44,10.16,50.71,0.28913003,0.065460004,0.01713,-0.995479,0.094802,-0.005918,0.063472,0.617558,-0.78396,-0.070666,-0.780791,-0.620783,False,True,S1,True
S8_T1,1544827699.3,-61.79,-122.88,31.85,95.02,70.44,10.16,50.71,0.28904003,0.065400004,0.017020002,-0.995479,0.094802,-0.005918,0.063472,0.617558,-0.78396,-0.070666,-0.780791,-0.620783,False,True,S1,True
S8_T1,1544827699.41,-61.82,-122.96,31.67,95.47,69.64,10.48,50.71,0.28937,0.06436,0.014340001,-0.99516,0.098261,0.001496,0.060153,0.621116,-0.781407,-0.077711,-0.777535,-0.62402,False,True,S1,True
S8_T1,1544827699.41,-61.82,-122.96,31.67,95.47,69.64,10.48,50.71,0.28937,0.06436,0.014340001,-0.99516,0.098261,0.001496,0.060153,0.621116,-0.781407,-0.077711,-0.777535,-0.62402,False,True,S1,True
S8_T1,1544827699.51,-61.83,-122.98,31.64,95.51,69.57,10.52,50.71,0.28926003,0.06418,0.01415,-0.99507,0.099123,0.003296,0.059285,0.621133,-0.78146,-0.079508,-0.777412,-0.623947,False,True,S1,True
S8_T1,1544827699.51,-61.83,-122.98,31.64,95.51,69.57,10.52,50.71,0.28926003,0.06418,0.01415,-0.99507,0.099123,0.003296,0.059285,0.621133,-0.78146,-0.079508,-0.777412,-0.623947,False,True,S1,True
S8_T1,1544827699.63,-61.74,-123.0,31.49,95.51,69.17,10.8,50.71,0.28915,0.06419001,0.013260001,-0.994976,0.099984,0.005096,0.058416,0.62115,-0.781511,-0.081304,-0.777287,-0.62387,False,True,S2,True
S8_T1,1544827699.74,-61.74,-123.0,31.49,95.5,69.17,10.81,50.71,0.28893,0.06409,0.01303,-0.994701,0.102636,0.006029,0.059342,0.621025,-0.781541,-0.083958,-0.777042,-0.623824,False,True,S2,True
S8_T1,1544827699.74,-61.74,-123.0,31.49,95.5,69.17,10.81,50.71,0.28893,0.06409,0.01303,-0.994701,0.102636,0.006029,0.059342,0.621025,-0.781541,-0.083958,-0.777042,-0.623824,False,True,S2,True
S8_T1,1544827699.88,-61.8,-123.07,31.04,95.49,68.72,11.53,50.71,0.28820002,0.063250005,0.01092,-0.994594,0.103555,0.007694,0.058385,0.618955,-0.783253,-0.085872,-0.77857,-0.621655,False,True,S2,True
S8_T1,1544827699.88,-61.8,-123.07,31.04,95.49,68.72,11.53,50.71,0.28820002,0.063250005,0.01092,-0.994594,0.103555,0.007694,0.058385,0.618955,-0.783253,-0.085872,-0.77857,-0.621655,False,True,S2,True
S8_T1,1544827699.88,-61.8,-123.07,31.04,95.49,68.72,11.53,50.71,0.28820002,0.063250005,0.01092,-0.994594,0.103555,0.007694,0.058385,0.618955,-0.783253,-0.085872,-0.77857,-0.621655,False,True,S2,True
S8_T1,1544827699.99,-61.72,-123.12,30.92,95.5,68.31,11.98,50.71,0.28717002,0.062340003,0.009450001,-0.993898,0.109721,0.01135,0.059357,0.61872,-0.783366,-0.092975,-0.777912,-0.621457,False,True,S2,True
S8_T1,1544827700.1,-61.6,-123.18,30.8,95.54,67.99,12.31,50.71,0.28676003,0.062260002,0.00898,-0.993898,0.109721,0.01135,0.059357,0.61872,-0.783366,-0.092975,-0.777912,-0.621457,False,True,S2,True
S8_T1,1544827700.1,-61.6,-123.18,30.8,95.54,67.99,12.31,50.71,0.28676003,0.062260002,0.00898,-0.993898,0.109721,0.01135,0.059357,0.61872,-0.783366,-0.092975,-0.777912,-0.621457,False,True,S2,True
S8_T1,1544827700.22,-61.6,-123.22,31.05,95.7,68.14,12.06,50.71,0.2863,0.061350003,0.00969,-0.994011,0.108859,0.009552,0.060229,0.618698,-0.783316,-0.091181,-0.77805,-0.62155,False,True,S2,True
S8_T1,1544827700.22,-61.6,-123.22,31.05,95.7,68.14,12.06,50.71,0.2863,0.061350003,0.00969,-0.994011,0.108859,0.009552,0.060229,0.618698,-0.783316,-0.091181,-0.77805,-0.62155,False,True,S2,True
S8_T1,1544827700.33,-61.6,-123.22,31.05,95.69,68.14,12.04,50.71,0.28615,0.061060004,0.010000001,-0.994307,0.106208,0.008623,0.059307,0.618828,-0.783284,-0.088527,-0.778313,-0.621604,False,True,S2,True
S8_T1,1544827700.33,-61.6,-123.22,31.05,95.69,68.14,12.04,50.71,0.28615,0.061060004,0.010000001,-0.994307,0.106208,0.008623,0.059307,0.618828,-0.783284,-0.088527,-0.778313,-0.621604,False,True,S2,True
S8_T1,1544827700.46,-61.45,-123.29,31.46,95.98,68.14,11.52,50.71,0.28570002,0.060510002,0.01061,-0.994317,0.106109,0.008662,0.059293,0.619513,-0.782744,-0.088422,-0.777782,-0.622284,False,True,S2,True
S8_T1,1544827700.46,-61.45,-123.29,31.46,95.98,68.14,11.52,50.71,0.28570002,0.060510002,0.01061,-0.994317,0.106109,0.008662,0.059293,0.619513,-0.782744,-0.088422,-0.777782,-0.622284,False,True,S2,True
S8_T1,1544827700.56,-61.37,-123.32,31.6,96.15,68.07,11.46,50.71,0.28492004,0.059990004,0.010530001,-0.994121,0.107975,0.007996,0.061299,0.622169,-0.78048,-0.089247,-0.775402,-0.62513,False,True,S2,True
S8_T1,1544827700.65,-61.28,-123.37,31.74,96.34,67.99,11.39,50.71,0.28466,0.059820004,0.010500001,-0.994121,0.107975,0.007996,0.061299,0.622169,-0.78048,-0.089247,-0.775402,-0.62513,False,True,S2,True
S8_T1,1544827700.65,-61.28,-123.37,31.74,96.34,67.99,11.39,50.71,0.28466,0.059820004,0.010500001,-0.994121,0.107975,0.007996,0.061299,0.622169,-0.78048,-0.089247,-0.775402,-0.62513,False,True,S2,True
S8_T1,1544827700.75,-61.28,-123.37,31.74,96.34,67.99,11.4,50.71,0.28466,0.059810005,0.01051,-0.994121,0.107975,0.007996,0.061299,0.622169,-0.78048,-0.089247,-0.775402,-0.62513,False,True,S2,True
S8_T1,1544827700.75,-61.28,-123.37,31.74,96.34,67.99,11.4,50.71,0.28466,0.059810005,0.01051,-0.994121,0.107975,0.007996,0.061299,0.622169,-0.78048,-0.089247,-0.775402,-0.62513,False,True,S2,True
S8_T1,1544827700.75,-61.28,-123.37,31.74,96.34,67.99,11.4,50.71,0.28466,0.059810005,0.01051,-0.994121,0.107975,0.007996,0.061299,0.622169,-0.78048,-0.089247,-0.775402,-0.62513,False,True,S2,True
S8_T1,1544827700.75,-61.28,-123.37,31.74,96.34,67.99,11.4,50.71,0.28466,0.059810005,0.01051,-0.994121,0.107975,0.007996,0.061299,0.622169,-0.78048,-0.089247,-0.775402,-0.62513,False,True,S2,True
S8_T1,1544827700.75,-61.28,-123.37,31.74,96.34,67.99,11.4,50.71,0.28466,0.059810005,0.01051,-0.994121,0.107975,0.007996,0.061299,0.622169,-0.78048,-0.089247,-0.775402,-0.62513,False,True,S2,True
S8_T1,1544827700.75,-61.28,-123.37,31.74,96.34,67.99,11.4,50.71,0.28466,0.059810005,0.01051,-0.994121,0.107975,0.007996,0.061299,0.622169,-0.78048,-0.089247,-0.775402,-0.62513,False,True,S2,True
S8_T1,1544827700.75,-61.28,-123.37,31.74,96.34,67.99,11.4,50.71,0.28466,0.059810005,0.01051,-0.994121,0.107975,0.007996,0.061299,0.622169,-0.78048,-0.089247,-0.775402,-0.62513,False,True,S2,True
S8_T1,1544827700.75,-61.28,-123.37,31.74,96.34,67.99,11.4,50.71,0.28466,0.059810005,0.01051,-0.994121,0.107975,0.007996,0.061299,0.622169,-0.78048,-0.089247,-0.775402,-0.62513,False,True,S2,True
S8_T1,1544827700.75,-61.28,-123.37,31.74,96.34,67.99,11.4,50.71,0.28466,0.059810005,0.01051,-0.994121,0.107975,0.007996,0.061299,0.622169,-0.78048,-0.089247,-0.775402,-0.62513,False,True,S2,True
S8_T1,1544827701.84,-61.28,-123.37,31.74,96.34,67.99,11.4,50.71,0.28466,0.059810005,0.01051,-0.994121,0.107975,0.007996,0.061299,0.622169,-0.78048,-0.089247,-0.775402,-0.62513,True,True,S2,True
S8_T1,1544827701.84,-61.28,-123.37,31.74,96.34,67.99,11.4,50.71,0.28466,0.059810005,0.01051,-0.994121,0.107975,0.007996,0.061299,0.622169,-0.78048,-0.089247,-0.775402,-0.62513,True,True,S2,True
S8_T1,1544827701.84,-61.28,-123.37,31.74,96.34,67.99,11.4,50.71,0.28466,0.059810005,0.01051,-0.994121,0.107975,0.007996,0.061299,0.622169,-0.78048,-0.089247,-0.775402,-0.62513,True,True,S2,True
S8_T1,1544827701.84,-61.28,-123.37,31.74,96.34,67.99,11.4,50.71,0.28466,0.059810005,0.01051,-0.994121,0.107975,0.007996,0.061299,0.622169,-0.78048,-0.089247,-0.775402,-0.62513,True,True,S2,True
S8_T1,1544827701.84,-61.28,-123.37,31.74,96.34,67.99,11.4,50.71,0.28466,0.059810005,0.01051,-0.994121,0.107975,0.007996,0.061299,0.622169,-0.78048,-0.089247,-0.775402,-0.62513,True,True,S2,True
S8_T1,1544827701.84,-61.28,-123.37,31.74,96.34,67.99,11.4,50.71,0.28466,0.059810005,0.01051,-0.994121,0.107975,0.007996,0.061299,0.622169,-0.78048,-0.089247,-0.775402,-0.62513,True,True,S2,True
S8_T1,1544827701.84,-61.28,-123.37,31.74,96.34,67.99,11.4,50.71,0.28466,0.059810005,0.01051,-0.994121,0.107975,0.007996,0.061299,0.622169,-0.78048,-0.089247,-0.775402,-0.62513,True,True,S2,True
S8_T1,1544827701.84,-61.28,-123.37,31.74,96.34,67.99,11.4,50.71,0.28466,0.059810005,0.01051,-0.994121,0.107975,0.007996,0.061299,0.622169,-0.78048,-0.089247,-0.775402,-0.62513,True,True,S2,True
S8_T1,1544827701.84,-61.28,-123.37,31.74,96.34,67.99,11.4,50.71,0.28466,0.059810005,0.01051,-0.994121,0.107975,0.007996,0.061299,0.622169,-0.78048,-0.089247,-0.775402,-0.62513,True,True,S2,True
S8_T1,1544827701.84,-61.28,-123.37,31.74,96.34,67.99,11.4,50.71,0.28466,0.059810005,0.01051,-0.994121,0.107975,0.007996,0.061299,0.622169,-0.78048,-0.089247,-0.775402,-0.62513,True,True,S2,True
S8_T1,1544827701.95,-61.28,-123.37,31.74,96.34,67.99,11.4,50.71,0.28466,0.059810005,0.010520001,-0.994121,0.107975,0.007996,0.061299,0.622169,-0.78048,-0.089247,-0.775402,-0.62513,True,True,S2,True
S8_T1,1544827701.95,-61.28,-123.37,31.74,96.34,67.99,11.4,50.71,0.28466,0.059810005,0.010520001,-0.994121,0.107975,0.007996,0.061299,0.622169,-0.78048,-0.089247,-0.775402,-0.62513,True,True,S2,True
S8_T1,1544827702.04,-61.28,-123.37,31.74,96.34,67.99,11.4,50.71,0.28466,0.059810005,0.010520001,-0.994121,0.107975,0.007996,0.061299,0.622169,-0.78048,-0.089247,-0.775402,-0.62513,True,True,S2,True
S8_T1,1544827702.04,-61.28,-123.37,31.74,96.34,67.99,11.4,50.71,0.28466,0.059810005,0.010520001,-0.994121,0.107975,0.007996,0.061299,0.622169,-0.78048,-0.089247,-0.775402,-0.62513,True,True,S2,True
S8_T1,1544827702.13,-61.28,-123.37,31.74,96.34,67.99,11.4,50.71,0.28466,0.059810005,0.01051,-0.994121,0.107975,0.007996,0.061299,0.622169,-0.78048,-0.089247,-0.775402,-0.62513,True,True,S2,True
S8_T1,1544827702.22,-61.28,-123.37,31.74,96.34,67.99,11.4,50.71,0.28466,0.059810005,0.010520001,-0.994121,0.107975,0.007996,0.061299,0.622169,-0.78048,-0.089247,-0.775402,-0.62513,True,True,S2,True
S8_T1,1544827702.41,-61.28,-123.37,31.74,96.34,67.99,11.4,50.71,0.28466,0.059810005,0.01051,-0.994121,0.107975,0.007996,0.061299,0.622169,-0.78048,-0.089247,-0.775402,-0.62513,True,True,S3,True
S8_T1,1544827702.41,-61.28,-123.37,31.74,96.34,67.99,11.4,50.71,0.28466,0.059810005,0.01051,-0.994121,0.107975,0.007996,0.061299,0.622169,-0.78048,-0.089247,-0.775402,-0.62513,True,True,S3,True
S8_T1,1544827702.41,-61.28,-123.37,31.74,96.34,67.99,11.4,50.71,0.28466,0.059810005,0.01051,-0.994121,0.107975,0.007996,0.061299,0.622169,-0.78048,-0.089247,-0.775402,-0.62513,True,True,S3,True
S8_T1,1544827702.55,-61.28,-123.37,31.74,96.34,67.99,11.4,50.71,0.28466,0.059810005,0.01051,-0.994121,0.107975,0.007996,0.061299,0.622169,-0.78048,-0.089247,-0.775402,-0.62513,True,True,S3,True
S8_T1,1544827702.55,-61.28,-123.37,31.74,96.34,67.99,11.4,50.71,0.28466,0.059810005,0.01051,-0.994121,0.107975,0.007996,0.061299,0.622169,-0.78048,-0.089247,-0.775402,-0.62513,True,True,S3,True
S8_T1,1544827702.68,-61.52,-123.31,31.44,96.01,68.38,11.42,50.71,0.28465,0.059790004,0.01054,-0.994612,0.103618,0.003226,0.061923,0.61877,-0.783128,-0.083142,-0.778709,-0.621852,True,True,S3,True
S8_T1,1544827702.77,-61.53,-123.31,31.44,96.0,68.39,11.43,50.71,0.28467003,0.059810005,0.010520001,-0.994612,0.103618,0.003226,0.061923,0.61877,-0.783128,-0.083142,-0.778709,-0.621852,True,True,S3,True
S8_T1,1544827702.77,-61.53,-123.31,31.44,96.0,68.39,11.43,50.71,0.28467003,0.059810005,0.010520001,-0.994612,0.103618,0.003226,0.061923,0.61877,-0.783128,-0.083142,-0.778709,-0.621852,True,True,S3,True
S8_T1,1544827702.89,-61.44,-123.29,31.78,95.78,68.76,11.05,50.71,0.28506002,0.059690002,0.013830001,-0.994977,0.100103,0.000272,0.061697,0.615377,-0.785815,-0.07883,-0.781851,-0.618462,True,True,S3,True
S8_T1,1544827702.89,-61.44,-123.29,31.78,95.78,68.76,11.05,50.71,0.28506002,0.059690002,0.013830001,-0.994977,0.100103,0.000272,0.061697,0.615377,-0.785815,-0.07883,-0.781851,-0.618462,True,True,S3,True
S8_T1,1544827702.99,-61.26,-123.25,32.38,95.34,69.35,10.4,50.71,0.28549,0.059740003,0.017620001,-0.995249,0.097359,-0.000827,0.06059,0.612682,-0.788003,-0.076212,-0.78431,-0.61567,True,True,S3,True
S8_T1,1544827702.99,-61.26,-123.25,32.38,95.34,69.35,10.4,50.71,0.28549,0.059740003,0.017620001,-0.995249,0.097359,-0.000827,0.06059,0.612682,-0.788003,-0.076212,-0.78431,-0.61567,True,True,S3,True
S8_T1,1544827703.1,-61.28,-123.18,32.54,94.91,70.01,10.25,50.71,0.28571,0.060200002,0.020340001,-0.9953,0.09655,-0.007437,0.064787,0.606849,-0.792172,-0.071971,-0.788931,-0.610252,True,True,S3,True
S8_T1,1544827703.19,-61.38,-123.13,32.64,94.65,70.38,10.16,50.71,0.28597,0.059910003,0.02146,-0.99537,0.095671,-0.00923,0.065672,0.606835,-0.79211,-0.070181,-0.789049,-0.610308,True,True,S3,True
S8_T1,1544827703.32,-61.38,-123.1,32.89,94.15,70.77,9.84,50.71,0.28664002,0.05916,0.025160002,-0.995679,0.092023,-0.012424,0.065272,0.598422,-0.798518,-0.066047,-0.795879,-0.601843,True,True,S3,True
S8_T1,1544827703.32,-61.38,-123.1,32.89,94.15,70.77,9.84,50.71,0.28664002,0.05916,0.025160002,-0.995679,0.092023,-0.012424,0.065272,0.598422,-0.798518,-0.066047,-0.795879,-0.601843,True,True,S3,True
S8_T1,1544827703.44,-61.34,-123.06,33.19,93.55,71.26,9.45,50.71,0.28697002,0.058720004,0.028290002,-0.995911,0.089324,-0.013521,0.064241,0.594974,-0.801173,-0.063519,-0.798766,-0.59828,True,True,S3,True
S8_T1,1544827703.57,-61.33,-123.0,33.45,92.98,71.81,9.07,50.71,0.28757003,0.058590002,0.032270003,-0.996396,0.083007,-0.017462,0.063119,0.588025,-0.806376,-0.056667,-0.804572,-0.591145,True,True,S3,True
S8_T1,1544827703.57,-61.33,-123.0,33.45,92.98,71.81,9.07,50.71,0.28757003,0.058590002,0.032270003,-0.996396,0.083007,-0.017462,0.063119,0.588025,-0.806376,-0.056667,-0.804572,-0.591145,True,True,S3,True
S8_T1,1544827703.68,-61.33,-122.93,33.75,92.36,72.39,8.66,50.71,0.28824002,0.05857,0.035650004,-0.996638,0.07938,-0.020302,0.063034,0.584525,-0.808923,-0.052345,-0.807483,-0.587564,True,True,S3,True
S8_T1,1544827703.68,-61.33,-122.93,33.75,92.36,72.39,8.66,50.71,0.28824002,0.05857,0.035650004,-0.996638,0.07938,-0.020302,0.063034,0.584525,-0.808923,-0.052345,-0.807483,-0.587564,True,True,S3,True
S8_T1,1544827703.78,-61.32,-122.88,34.18,92.07,72.92,8.03,50.71,0.28909,0.0586,0.03945,-0.996857,0.075794,-0.023069,0.06304,0.582455,-0.810414,-0.047988,-0.809321,-0.585403,True,True,S3,True
S8_T1,1544827703.92,-61.31,-122.84,34.59,91.79,73.42,7.39,50.71,0.28983,0.058700003,0.04255,-0.997064,0.072088,-0.025825,0.062954,0.579683,-0.812407,-0.043594,-0.811647,-0.582519,True,True,S3,True
S8_T1,1544827703.92,-61.31,-122.84,34.59,91.79,73.42,7.39,50.71,0.28983,0.058700003,0.04255,-0.997064,0.072088,-0.025825,0.062954,0.579683,-0.812407,-0.043594,-0.811647,-0.582519,True,True,S3,True
S8_T1,1544827704.02,-61.32,-122.8,35.1,91.47,73.87,6.82,50.71,0.29094002,0.058290005,0.046490002,-0.997079,0.071169,-0.02771,0.063839,0.577486,-0.813901,-0.041922,-0.813293,-0.580343,True,True,S3,True
S8_T1,1544827704.02,-61.32,-122.8,35.1,91.47,73.87,6.82,50.71,0.29094002,0.058290005,0.046490002,-0.997079,0.071169,-0.02771,0.063839,0.577486,-0.813901,-0.041922,-0.813293,-0.580343,True,True,S3,True
S8_T1,1544827704.18,-61.43,-122.74,35.84,90.97,74.55,5.97,50.71,0.29258,0.05719,0.052050002,-0.997096,0.070126,-0.029692,0.064598,0.572388,-0.817435,-0.040328,-0.816979,-0.575256,True,True,S3,True
S8_T1,1544827704.18,-61.43,-122.74,35.84,90.97,74.55,5.97,50.71,0.29258,0.05719,0.052050002,-0.997096,0.070126,-0.029692,0.064598,0.572388,-0.817435,-0.040328,-0.816979,-0.575256,True,True,S3,True
S8_T1,1544827704.18,-61.43,-122.74,35.84,90.97,74.55,5.97,50.71,0.29258,0.05719,0.052050002,-0.997096,0.070126,-0.029692,0.064598,0.572388,-0.817435,-0.040328,-0.816979,-0.575256,True,True,S4,True
S8_T1,1544827704.18,-61.43,-122.74,35.84,90.97,74.55,5.97,50.71,0.29258,0.05719,0.052050002,-0.997096,0.070126,-0.029692,0.064598,0.572388,-0.817435,-0.040328,-0.816979,-0.575256,True,True,S4,True
S8_T1,1544827704.45,-61.72,-122.63,35.43,89.86,74.81,5.91,50.71,0.29717,0.054830004,0.057820003,-0.998432,0.049224,-0.026656,0.049224,0.54528,-0.836807,-0.026656,-0.836807,-0.546848,True,True,S4,True
S8_T1,1544827704.45,-61.72,-122.63,35.43,89.86,74.81,5.91,50.71,0.29717,0.054830004,0.057820003,-0.998432,0.049224,-0.026656,0.049224,0.54528,-0.836807,-0.026656,-0.836807,-0.546848,True,True,S4,True
S8_T1,1544827704.45,-61.72,-122.63,35.43,89.86,74.81,5.91,50.71,0.29717,0.054830004,0.057820003,-0.998432,0.049224,-0.026656,0.049224,0.54528,-0.836807,-0.026656,-0.836807,-0.546848,True,True,S4,True
S8_T1,1544827704.45,-61.72,-122.63,35.43,89.86,74.81,5.91,50.71,0.29717,0.054830004,0.057820003,-0.998432,0.049224,-0.026656,0.049224,0.54528,-0.836807,-0.026656,-0.836807,-0.546848,True,True,S4,True
S8_T1,1544827704.45,-61.72,-122.63,35.43,89.86,74.81,5.91,50.71,0.29717,0.054830004,0.057820003,-0.998432,0.049224,-0.026656,0.049224,0.54528,-0.836807,-0.026656,-0.836807,-0.546848,True,True,S4,True
S8_T1,1544827704.45,-61.72,-122.63,35.43,89.86,74.81,5.91,50.71,0.29717,0.054830004,0.057820003,-0.998432,0.049224,-0.026656,0.049224,0.54528,-0.836807,-0.026656,-0.836807,-0.546848,True,True,S4,True
S8_T1,1544827704.99,-64.05,-121.9,34.78,86.56,75.43,3.44,50.71,0.31098002,0.049510002,0.06975,-0.999548,0.027113,-0.012989,0.025149,0.517363,-0.855396,-0.016473,-0.855336,-0.517811,True,True,S4,True
S8_T1,1544827704.99,-64.05,-121.9,34.78,86.56,75.43,3.44,50.71,0.31098002,0.049510002,0.06975,-0.999548,0.027113,-0.012989,0.025149,0.517363,-0.855396,-0.016473,-0.855336,-0.517811,True,True,S4,True
S8_T1,1544827704.99,-64.05,-121.9,34.78,86.56,75.43,3.44,50.71,0.31098002,0.049510002,0.06975,-0.999548,0.027113,-0.012989,0.025149,0.517363,-0.855396,-0.016473,-0.855336,-0.517811,True,True,S4,True
S8_T1,1544827704.99,-64.05,-121.9,34.78,86.56,75.43,3.44,50.71,0.31098002,0.049510002,0.06975,-0.999548,0.027113,-0.012989,0.025149,0.517363,-0.855396,-0.016473,-0.855336,-0.517811,True,True,S4,True
S8_T1,1544827704.99,-64.05,-121.9,34.78,86.56,75.43,3.44,50.71,0.31098002,0.049510002,0.06975,-0.999548,0.027113,-0.012989,0.025149,0.517363,-0.855396,-0.016473,-0.855336,-0.517811,True,True,S4,True
S8_T1,1544827704.99,-64.05,-121.9,34.78,86.56,75.43,3.44,50.71,0.31098002,0.049510002,0.06975,-0.999548,0.027113,-0.012989,0.025149,0.517363,-0.855396,-0.016473,-0.855336,-0.517811,True,True,S4,True
