S3_T4,1544826222.0,46.97,-127.57,40.66,-90.35,64.73,-49.61,-46.61,0.26573002,-0.08245,0.057910003,-0.764779,-0.632257,0.123947,-0.311271,0.531016,0.78812,-0.564113,0.564157,-0.602913,False,False,NA,NA
S3_T4,1544826222.19,46.97,-127.57,40.66,-90.35,64.73,-49.61,-46.61,0.26573002,-0.08245,0.057910003,-0.764779,-0.632257,0.123947,-0.311271,0.531016,0.78812,-0.564113,0.564157,-0.602913,False,False,NA,NA
S3_T4,1544826222.28,46.97,-127.57,40.66,-90.35,64.73,-49.61,-46.61,0.26573002,-0.08245,0.057910003,-0.764779,-0.632257,0.123947,-0.311271,0.531016,0.78812,-0.564113,0.564157,-0.602913,False,False,NA,NA
S3_T4,1544826222.37,46.97,-127.57,40.66,-90.35,64.73,-49.61,-46.61,0.26573002,-0.08245,0.057910003,-0.764779,-0.632257,0.123947,-0.311271,0.531016,0.78812,-0.564113,0.564157,-0.602913,False,False,NA,NA
S3_T4,1544826222.48,46.97,-127.57,40.66,-90.35,64.73,-49.61,-46.61,0.26573002,-0.08245,0.057910003,-0.764779,-0.632257,0.123947,-0.311271,0.531016,0.78812,-0.564113,0.564157,-0.602913,False,False,NA,NA
S3_T4,1544826222.48,46.97,-127.57,40.66,-90.35,64.73,-49.61,-46.61,0.26573002,-0.08245,0.057910003,-0.764779,-0.632257,0.123947,-0.311271,0.531016,0.78812,-0.564113,0.564157,-0.602913,False,False,NA,NA
S3_T4,1544826222.55,46.97,-127.57,40.66,-90.35,64.73,-49.61,-46.61,0.26573002,-0.08245,0.057910003,-0.764779,-0.632257,0.123947,-0.311271,0.531016,0.78812,-0.564113,0.564157,-0.602913,False,False,NA,NA
S3_T4,1544826222.55,46.97,-127.57,40.66,-90.35,64.73,-49.61,-46.61,0.26573002,-0.08245,0.057910003,-0.764779,-0.632257,0.123947,-0.311271,0.531016,0.78812,-0.564113,0.564157,-0.602913,False,False,NA,NA
S3_T4,1544826222.65,46.97,-127.57,40.66,-90.35,64.73,-49.61,-46.61,0.26573002,-0.08245,0.057910003,-0.764779,-0.632257,0.123947,-0.311271,0.531016,0.78812,-0.564113,0.564157,-0.602913,False,False,NA,NA
S3_T4,1544826222.74,46.97,-127.57,40.66,-90.35,64.73,-49.61,-46.61,0.26573002,-0.08245,0.057910003,-0.764779,-0.632257,0.123947,-0.311271,0.531016,0.78812,-0.564113,0.564157,-0.602913,False,False,NA,NA
S3_T4,1544826222.74,46.97,-127.57,40.66,-90.35,64.73,-49.61,-46.61,0.26573002,-0.08245,0.057910003,-0.764779,-0.632257,0.123947,-0.311271,0.531016,0.78812,-0.564113,0.564157,-0.602913,False,False,NA,NA
S3_T4,1544826222.85,46.97,-127.57,40.66,-90.35,64.73,-49.61,-46.61,0.26573002,-0.08245,0.057910003,-0.764779,-0.632257,0.123947,-0.311271,0.531016,0.78812,-0.564113,0.564157,-0.602913,False,False,NA,NA
S3_T4,1544826222.96,46.97,-127.57,40.66,-90.35,64.73,-49.61,-46.61,0.26573002,-0.08245,0.057910003,-0.764779,-0.632257,0.123947,-0.311271,0.531016,0.78812,-0.564113,0.564157,-0.602913,False,False,NA,NA
S3_T4,1544826222.96,46.97,-127.57,40.66,-90.35,64.73,-49.61,-46.61,0.26573002,-0.08245,0.057910003,-0.764779,-0.632257,0.123947,-0.311271,0.531016,0.78812,-0.564113,0.564157,-0.602913,False,False,NA,NA
S3_T4,1544826223.05,46.97,-127.57,40.66,-90.35,64.73,-49.61,-46.61,0.26573002,-0.08245,0.057910003,-0.764779,-0.632257,0.123947,-0.311271,0.531016,0.78812,-0.564113,0.564157,-0.602913,False,False,NA,NA
S3_T4,1544826223.15,46.97,-127.57,40.66,-90.35,64.73,-49.61,-46.61,0.26573002,-0.08245,0.057910003,-0.764779,-0.632257,0.123947,-0.311271,0.531016,0.78812,-0.564113,0.564157,-0.602913,False,False,NA,NA
S3_T4,1544826223.15,46.97,-127.57,40.66,-90.35,64.73,-49.61,-46.61,0.26573002,-0.08245,0.057910003,-0.764779,-0.632257,0.123947,-0.311271,0.531016,0.78812,-0.564113,0.564157,-0.602913,False,False,NA,NA
S3_T4,1544826223.25,46.97,-127.57,40.66,-90.35,64.73,-49.61,-46.61,0.26573002,-0.08245,0.057910003,-0.764779,-0.632257,0.123947,-0.311271,0.531016,0.78812,-0.564113,0.564157,-0.602913,False,False,NA,NA
S3_T4,1544826223.35,46.97,-127.57,40.66,-90.35,64.73,-49.61,-46.61,0.26573002,-0.08245,0.057910003,-0.764779,-0.632257,0.123947,-0.311271,0.531016,0.78812,-0.564113,0.564157,-0.602913,False,False,NA,NA
S3_T4,1544826223.44,46.97,-127.57,40.66,-90.35,64.73,-49.61,-46.61,0.26573002,-0.08245,0.057910003,-0.764779,-0.632257,0.123947,-0.311271,0.531016,0.78812,-0.564113,0.564157,-0.602913,False,False,NA,NA
S3_T4,1544826223.55,46.97,-127.57,40.66,-90.35,64.73,-49.61,-46.61,0.26573002,-0.08245,0.057910003,-0.764779,-0.632257,0.123947,-0.311271,0.531016,0.78812,-0.564113,0.564157,-0.602913,False,False,NA,NA
S3_T4,1544826223.64,46.97,-127.57,40.66,-90.35,64.73,-49.61,-46.61,0.26573002,-0.08245,0.057910003,-0.764779,-0.632257,0.123947,-0.311271,0.531016,0.78812,-0.564113,0.564157,-0.602913,False,False,NA,NA
S3_T4,1544826223.73,46.97,-127.57,40.66,-90.35,64.73,-49.61,-46.61,0.26573002,-0.08245,0.057910003,-0.764779,-0.632257,0.123947,-0.311271,0.531016,0.78812,-0.564113,0.564157,-0.602913,False,False,NA,NA
S3_T4,1544826223.82,46.97,-127.57,40.66,-90.35,64.73,-49.61,-46.61,0.26573002,-0.08245,0.057910003,-0.764779,-0.632257,0.123947,-0.311271,0.531016,0.78812,-0.564113,0.564157,-0.602913,False,False,NA,NA
S3_T4,1544826223.82,46.97,-127.57,40.66,-90.35,64.73,-49.61,-46.61,0.26573002,-0.08245,0.057910003,-0.764779,-0.632257,0.123947,-0.311271,0.531016,0.78812,-0.564113,0.564157,-0.602913,False,False,NA,NA
S3_T4,1544826223.91,46.97,-127.57,40.66,-90.35,64.73,-49.61,-46.61,0.26573002,-0.08245,0.057910003,-0.764779,-0.632257,0.123947,-0.311271,0.531016,0.78812,-0.564113,0.564157,-0.602913,False,False,NA,NA
S3_T4,1544826224.0,46.97,-127.57,40.66,-90.35,64.73,-49.61,-46.61,0.26573002,-0.08245,0.057910003,-0.764779,-0.632257,0.123947,-0.311271,0.531016,0.78812,-0.564113,0.564157,-0.602913,False,False,NA,NA
S3_T4,1544826224.09,46.97,-127.57,40.66,-90.35,64.73,-49.61,-46.61,0.26573002,-0.08245,0.057910003,-0.764779,-0.632257,0.123947,-0.311271,0.531016,0.78812,-0.564113,0.564157,-0.602913,False,False,NA,NA
S3_T4,1544826224.09,46.97,-127.57,40.66,-90.35,64.73,-49.61,-46.61,0.26573002,-0.08245,0.057910003,-0.764779,-0.632257,0.123947,-0.311271,0.531016,0.78812,-0.564113,0.564157,-0.602913,False,False,NA,NA
S3_T4,1544826224.2,46.97,-127.57,40.66,-90.35,64.73,-49.61,-46.61,0.26573002,-0.08245,0.057910003,-0.764779,-0.632257,0.123947,-0.311271,0.531016,0.78812,-0.564113,0.564157,-0.602913,False,False,NA,NA
S3_T4,1544826224.29,46.97,-127.57,40.66,-90.35,64.73,-49.61,-46.61,0.26573002,-0.08245,0.057910003,-0.764779,-0.632257,0.123947,-0.311271,0.531016,0.78812,-0.564113,0.564157,-0.602913,False,False,NA,NA
S3_T4,1544826224.37,46.97,-127.57,40.66,-90.35,64.73,-49.61,-46.61,0.26573002,-0.08245,0.057910003,-0.764779,-0.632257,0.123947,-0.311271,0.531016,0.78812,-0.564113,0.564157,-0.602913,False,False,NA,NA
S3_T4,1544826224.37,46.97,-127.57,40.66,-90.35,64.73,-49.61,-46.61,0.26573002,-0.08245,0.057910003,-0.764779,-0.632257,0.123947,-0.311271,0.531016,0.78812,-0.564113,0.564157,-0.602913,False,False,NA,NA
S3_T4,1544826224.47,46.97,-127.57,40.66,-90.35,64.73,-49.61,-46.61,0.26573002,-0.08245,0.057910003,-0.764779,-0.632257,0.123947,-0.311271,0.531016,0.78812,-0.564113,0.564157,-0.602913,False,False,NA,NA
S3_T4,1544826224.56,46.97,-127.57,40.66,-90.35,64.73,-49.61,-46.61,0.26573002,-0.08245,0.057910003,-0.764779,-0.632257,0.123947,-0.311271,0.531016,0.78812,-0.564113,0.564157,-0.602913,False,False,NA,NA
S3_T4,1544826224.56,46.97,-127.57,40.66,-90.35,64.73,-49.61,-46.61,0.26573002,-0.08245,0.057910003,-0.764779,-0.632257,0.123947,-0.311271,0.531016,0.78812,-0.564113,0.564157,-0.602913,False,False,NA,NA
S3_T4,1544826224.65,46.97,-127.57,40.66,-90.35,64.73,-49.61,-46.61,0.26573002,-0.08245,0.057910003,-0.764779,-0.632257,0.123947,-0.311271,0.531016,0.78812,-0.564113,0.564157,-0.602913,False,False,NA,NA
S3_T4,1544826224.74,46.97,-127.57,40.66,-90.35,64.73,-49.61,-46.61,0.26573002,-0.08245,0.057910003,-0.764779,-0.632257,0.123947,-0.311271,0.531016,0.78812,-0.564113,0.564157,-0.602913,False,False,NA,NA
S3_T4,1544826224.84,46.97,-127.57,40.66,-90.35,64.73,-49.61,-46.61,0.26573002,-0.08245,0.057910003,-0.764779,-0.632257,0.123947,-0.311271,0.531016,0.78812,-0.564113,0.564157,-0.602913,False,False,NA,NA
S3_T4,1544826224.84,46.97,-127.57,40.66,-90.35,64.73,-49.61,-46.61,0.26573002,-0.08245,0.057910003,-0.764779,-0.632257,0.123947,-0.311271,0.531016,0.78812,-0.564113,0.564157,-0.602913,False,False,NA,NA
S3_T4,1544826224.94,46.97,-127.57,40.66,-90.35,64.73,-49.61,-46.61,0.26573002,-0.08245,0.057910003,-0.764779,-0.632257,0.123947,-0.311271,0.531016,0.78812,-0.564113,0.564157,-0.602913,False,False,NA,NA
S3_T4,1544826225.04,46.97,-127.57,40.66,-90.35,64.73,-49.61,-46.61,0.26573002,-0.08245,0.057910003,-0.764779,-0.632257,0.123947,-0.311271,0.531016,0.78812,-0.564113,0.564157,-0.602913,False,False,NA,NA
S3_T4,1544826225.04,46.97,-127.57,40.66,-90.35,64.73,-49.61,-46.61,0.26573002,-0.08245,0.057910003,-0.764779,-0.632257,0.123947,-0.311271,0.531016,0.78812,-0.564113,0.564157,-0.602913,False,False,NA,NA
S3_T4,1544826225.14,46.97,-127.57,40.66,-90.35,64.73,-49.61,-46.61,0.26573002,-0.08245,0.057910003,-0.764779,-0.632257,0.123947,-0.311271,0.531016,0.78812,-0.564113,0.564157,-0.602913,False,False,NA,NA
S3_T4,1544826225.23,46.97,-127.57,40.66,-90.35,64.73,-49.61,-46.61,0.26573002,-0.08245,0.057910003,-0.764779,-0.632257,0.123947,-0.311271,0.531016,0.78812,-0.564113,0.564157,-0.602913,False,False,NA,NA
S3_T4,1544826225.32,46.97,-127.57,40.66,-90.35,64.73,-49.61,-46.61,0.26573002,-0.08245,0.057910003,-0.764779,-0.632257,0.123947,-0.311271,0.531016,0.78812,-0.564113,0.564157,-0.602913,False,False,NA,NA
S3_T4,1544826225.32,46.97,-127.57,40.66,-90.35,64.73,-49.61,-46.61,0.26573002,-0.08245,0.057910003,-0.764779,-0.632257,0.123947,-0.311271,0.531016,0.78812,-0.564113,0.564157,-0.602913,False,False,NA,NA
S3_T4,1544826225.42,46.97,-127.57,40.66,-90.35,64.73,-49.61,-46.61,0.26573002,-0.08245,0.057910003,-0.764779,-0.632257,0.123947,-0.311271,0.531016,0.78812,-0.564113,0.564157,-0.602913,False,False,NA,NA
S3_T4,1544826225.51,46.97,-127.57,40.66,-90.35,64.73,-49.61,-46.61,0.26573002,-0.08245,0.057910003,-0.764779,-0.632257,0.123947,-0.311271,0.531016,0.78812,-0.564113,0.564157,-0.602913,False,False,NA,NA
S3_T4,1544826225.51,46.97,-127.57,40.66,-90.35,64.73,-49.61,-46.61,0.26573002,-0.08245,0.057910003,-0.764779,-0.632257,0.123947,-0.311271,0.531016,0.78812,-0.564113,0.564157,-0.602913,False,False,NA,NA
S3_T4,1544826225.61,46.97,-127.57,40.66,-90.35,64.73,-49.61,-46.61,0.26573002,-0.08245,0.057910003,-0.764779,-0.632257,0.123947,-0.311271,0.531016,0.78812,-0.564113,0.564157,-0.602913,False,False,NA,NA
S3_T4,1544826225.71,46.97,-127.57,40.66,-90.35,64.73,-49.61,-46.61,0.26573002,-0.08245,0.057910003,-0.764779,-0.632257,0.123947,-0.311271,0.531016,0.78812,-0.564113,0.564157,-0.602913,False,False,NA,NA
S3_T4,1544826225.82,46.97,-127.57,40.66,-90.35,64.73,-49.61,-46.61,0.26573002,-0.08245,0.057910003,-0.764779,-0.632257,0.123947,-0.311271,0.531016,0.78812,-0.564113,0.564157,-0.602913,False,False,NA,NA
S3_T4,1544826225.82,46.97,-127.57,40.66,-90.35,64.73,-49.61,-46.61,0.26573002,-0.08245,0.057910003,-0.764779,-0.632257,0.123947,-0.311271,0.531016,0.78812,-0.564113,0.564157,-0.602913,False,False,NA,NA
S3_T4,1544826225.96,46.97,-127.57,40.66,-90.35,64.73,-49.61,-46.61,0.26573002,-0.08245,0.057910003,-0.764779,-0.632257,0.123947,-0.311271,0.531016,0.78812,-0.564113,0.564157,-0.602913,False,False,NA,NA
S3_T4,1544826225.96,46.97,-127.57,40.66,-90.35,64.73,-49.61,-46.61,0.26573002,-0.08245,0.057910003,-0.764779,-0.632257,0.123947,-0.311271,0.531016,0.78812,-0.564113,0.564157,-0.602913,False,False,NA,NA
S3_T4,1544826226.08,46.97,-127.57,40.66,-90.35,64.73,-49.61,-46.61,0.26573002,-0.08245,0.057910003,-0.764779,-0.632257,0.123947,-0.311271,0.531016,0.78812,-0.564113,0.564157,-0.602913,False,False,NA,NA
S3_T4,1544826226.08,46.97,-127.57,40.66,-90.35,64.73,-49.61,-46.61,0.26573002,-0.08245,0.057910003,-0.764779,-0.632257,0.123947,-0.311271,0.531016,0.78812,-0.564113,0.564157,-0.602913,False,False,NA,NA
S3_T4,1544826226.08,46.97,-127.57,40.66,-90.35,64.73,-49.61,-46.61,0.26573002,-0.08245,0.057910003,-0.764779,-0.632257,0.123947,-0.311271,0.531016,0.78812,-0.564113,0.564157,-0.602913,False,False,NA,NA
S3_T4,1544826226.22,46.97,-127.57,40.66,-90.35,64.73,-49.61,-46.61,0.26573002,-0.08245,0.057910003,-0.764779,-0.632257,0.123947,-0.311271,0.531016,0.78812,-0.564113,0.564157,-0.602913,False,False,NA,NA
S3_T4,1544826226.22,46.97,-127.57,40.66,-90.35,64.73,-49.61,-46.61,0.26573002,-0.08245,0.057910003,-0.764779,-0.632257,0.123947,-0.311271,0.531016,0.78812,-0.564113,0.564157,-0.602913,False,False,NA,NA
S3_T4,1544826226.22,46.97,-127.57,40.66,-90.35,64.73,-49.61,-46.61,0.26573002,-0.08245,0.057910003,-0.764779,-0.632257,0.123947,-0.311271,0.531016,0.78812,-0.564113,0.564157,-0.602913,False,False,NA,NA
S3_T4,1544826226.32,46.97,-127.57,40.66,-90.35,64.73,-49.61,-46.61,0.26573002,-0.08245,0.057910003,-0.764779,-0.632257,0.123947,-0.311271,0.531016,0.78812,-0.564113,0.564157,-0.602913,False,False,NA,NA
S3_T4,1544826226.32,46.97,-127.57,40.66,-90.35,64.73,-49.61,-46.61,0.26573002,-0.08245,0.057910003,-0.764779,-0.632257,0.123947,-0.311271,0.531016,0.78812,-0.564113,0.564157,-0.602913,False,False,NA,NA
S3_T4,1544826226.42,46.81,-127.58,40.84,-90.33,64.77,-49.12,-46.61,0.26531002,-0.08229,0.05871,-0.770675,-0.625119,0.123636,-0.306348,0.533592,0.788309,-0.558758,0.569655,-0.60273,False,False,NA,NA
S3_T4,1544826226.52,46.81,-127.58,40.84,-90.33,64.77,-49.12,-46.61,0.26533,-0.08230001,0.058720004,-0.771248,-0.624502,0.123181,-0.305729,0.533165,0.788838,-0.558306,0.57073,-0.602131,False,True,S1,True
S3_T4,1544826226.52,46.81,-127.58,40.84,-90.33,64.77,-49.12,-46.61,0.26533,-0.08230001,0.058720004,-0.771248,-0.624502,0.123181,-0.305729,0.533165,0.788838,-0.558306,0.57073,-0.602131,False,True,S1,True
S3_T4,1544826226.52,46.81,-127.58,40.84,-90.33,64.77,-49.12,-46.61,0.26533,-0.08230001,0.058720004,-0.771248,-0.624502,0.123181,-0.305729,0.533165,0.788838,-0.558306,0.57073,-0.602131,False,True,S1,True
S3_T4,1544826226.66,46.89,-127.57,40.79,-90.3,65.04,-48.82,-46.61,0.26497,-0.08253,0.058640003,-0.773624,-0.622037,0.120732,-0.306029,0.533629,0.788408,-0.554845,0.572983,-0.603189,False,True,S1,True
S3_T4,1544826226.66,46.89,-127.57,40.79,-90.3,65.04,-48.82,-46.61,0.26497,-0.08253,0.058640003,-0.773624,-0.622037,0.120732,-0.306029,0.533629,0.788408,-0.554845,0.572983,-0.603189,False,True,S1,True
S3_T4,1544826226.66,46.89,-127.57,40.79,-90.3,65.04,-48.82,-46.61,0.26497,-0.08253,0.058640003,-0.773624,-0.622037,0.120732,-0.306029,0.533629,0.788408,-0.554845,0.572983,-0.603189,False,True,S1,True
S3_T4,1544826226.76,46.89,-127.57,40.79,-90.3,65.04,-48.82,-46.61,0.26497,-0.08257,0.058610003,-0.773804,-0.621936,0.120092,-0.305389,0.532405,0.789483,-0.554946,0.57423,-0.601909,False,True,S1,True
S3_T4,1544826226.76,46.89,-127.57,40.79,-90.3,65.04,-48.82,-46.61,0.26497,-0.08257,0.058610003,-0.773804,-0.621936,0.120092,-0.305389,0.532405,0.789483,-0.554946,0.57423,-0.601909,False,True,S1,True
S3_T4,1544826226.88,46.85,-127.5,40.45,-89.67,65.18,-49.47,-46.61,0.26466003,-0.08347,0.05885,-0.771542,-0.624786,0.119856,-0.305313,0.528931,0.791843,-0.558128,0.574347,-0.598848,False,True,S1,True
S3_T4,1544826226.88,46.85,-127.5,40.45,-89.67,65.18,-49.47,-46.61,0.26466003,-0.08347,0.05885,-0.771542,-0.624786,0.119856,-0.305313,0.528931,0.791843,-0.558128,0.574347,-0.598848,False,True,S1,True
S3_T4,1544826227.03,46.83,-127.5,40.45,-89.68,65.18,-49.47,-46.61,0.26461,-0.08399,0.059320003,-0.773859,-0.621539,0.121785,-0.302262,0.531397,0.791362,-0.556579,0.575592,-0.599095,False,True,S1,True
S3_T4,1544826227.03,46.83,-127.5,40.45,-89.68,65.18,-49.47,-46.61,0.26461,-0.08399,0.059320003,-0.773859,-0.621539,0.121785,-0.302262,0.531397,0.791362,-0.556579,0.575592,-0.599095,False,True,S1,True
S3_T4,1544826227.03,46.83,-127.5,40.45,-89.68,65.18,-49.47,-46.61,0.26461,-0.08399,0.059320003,-0.773859,-0.621539,0.121785,-0.302262,0.531397,0.791362,-0.556579,0.575592,-0.599095,False,True,S1,True
S3_T4,1544826227.14,46.63,-127.49,40.55,-89.57,65.08,-49.31,-46.61,0.26462,-0.084130004,0.059480004,-0.773859,-0.621539,0.121785,-0.302262,0.531397,0.791362,-0.556579,0.575592,-0.599095,False,True,S1,True
S3_T4,1544826227.14,46.63,-127.49,40.55,-89.57,65.08,-49.31,-46.61,0.26462,-0.084130004,0.059480004,-0.773859,-0.621539,0.121785,-0.302262,0.531397,0.791362,-0.556579,0.575592,-0.599095,False,True,S1,True
S3_T4,1544826227.25,46.63,-127.5,40.74,-89.46,64.97,-48.6,-46.61,0.26589003,-0.08296,0.061340004,-0.783678,-0.607816,0.128096,-0.286481,0.53664,0.793691,-0.55116,0.585301,-0.594681,False,True,S1,True
S3_T4,1544826227.25,46.63,-127.5,40.74,-89.46,64.97,-48.6,-46.61,0.26589003,-0.08296,0.061340004,-0.783678,-0.607816,0.128096,-0.286481,0.53664,0.793691,-0.55116,0.585301,-0.594681,False,True,S1,True
S3_T4,1544826227.34,46.63,-127.56,40.95,-89.26,64.81,-47.78,-46.61,0.26721,-0.082140006,0.06284,-0.795333,-0.591789,0.131264,-0.270222,0.539973,0.797126,-0.542609,0.598511,-0.589373,False,True,S1,True
S3_T4,1544826227.34,46.63,-127.56,40.95,-89.26,64.81,-47.78,-46.61,0.26721,-0.082140006,0.06284,-0.795333,-0.591789,0.131264,-0.270222,0.539973,0.797126,-0.542609,0.598511,-0.589373,False,True,S1,True
S3_T4,1544826227.47,47.02,-127.48,40.24,-88.12,64.64,-45.67,-46.61,0.26883,-0.0815,0.063020006,-0.814894,-0.56346,0.135868,-0.242807,0.544712,0.802704,-0.5263,0.621129,-0.580695,False,True,S1,True
S3_T4,1544826227.47,47.02,-127.48,40.24,-88.12,64.64,-45.67,-46.61,0.26883,-0.0815,0.063020006,-0.814894,-0.56346,0.135868,-0.242807,0.544712,0.802704,-0.5263,0.621129,-0.580695,False,True,S1,True
S3_T4,1544826227.47,47.02,-127.48,40.24,-88.12,64.64,-45.67,-46.61,0.26883,-0.0815,0.063020006,-0.814894,-0.56346,0.135868,-0.242807,0.544712,0.802704,-0.5263,0.621129,-0.580695,False,True,S1,True
S3_T4,1544826227.62,47.05,-127.48,40.22,-88.1,64.61,-45.46,-46.61,0.27015,-0.080850005,0.06363001,-0.835117,-0.531073,0.14332,-0.212548,0.551856,0.806399,-0.507349,0.642975,-0.573743,False,True,S1,True
S3_T4,1544826227.62,47.05,-127.48,40.22,-88.1,64.61,-45.46,-46.61,0.27015,-0.080850005,0.06363001,-0.835117,-0.531073,0.14332,-0.212548,0.551856,0.806399,-0.507349,0.642975,-0.573743,False,True,S1,True
S3_T4,1544826227.62,47.05,-127.48,40.22,-88.1,64.61,-45.46,-46.61,0.27015,-0.080850005,0.06363001,-0.835117,-0.531073,0.14332,-0.212548,0.551856,0.806399,-0.507349,0.642975,-0.573743,False,True,S1,True
S3_T4,1544826227.72,47.52,-127.49,39.97,-87.24,63.96,-42.01,-46.61,0.27387002,-0.07941001,0.06519,-0.849934,-0.50524,0.149484,-0.188143,0.556032,0.809587,-0.492154,0.659971,-0.567647,False,True,S1,True
S3_T4,1544826227.72,47.52,-127.49,39.97,-87.24,63.96,-42.01,-46.61,0.27387002,-0.07941001,0.06519,-0.849934,-0.50524,0.149484,-0.188143,0.556032,0.809587,-0.492154,0.659971,-0.567647,False,True,S1,True
S3_T4,1544826227.86,47.86,-127.46,39.39,-86.39,63.46,-41.48,-46.61,0.27717003,-0.078870006,0.06521,-0.863046,-0.477015,0.166158,-0.150604,0.556982,0.816756,-0.482152,0.679874,-0.552541,False,True,S1,True
S3_T4,1544826227.86,47.86,-127.46,39.39,-86.39,63.46,-41.48,-46.61,0.27717003,-0.078870006,0.06521,-0.863046,-0.477015,0.166158,-0.150604,0.556982,0.816756,-0.482152,0.679874,-0.552541,False,True,S1,True
S3_T4,1544826227.86,47.86,-127.46,39.39,-86.39,63.46,-41.48,-46.61,0.27717003,-0.078870006,0.06521,-0.863046,-0.477015,0.166158,-0.150604,0.556982,0.816756,-0.482152,0.679874,-0.552541,False,True,S1,True
S3_T4,1544826227.99,48.2,-127.37,38.76,-85.54,62.93,-40.88,-46.61,0.27948,-0.07898001,0.06488,-0.875648,-0.449584,0.176392,-0.124332,0.562783,0.817201,-0.466671,0.69365,-0.548697,False,True,S1,True
S3_T4,1544826227.99,48.2,-127.37,38.76,-85.54,62.93,-40.88,-46.61,0.27948,-0.07898001,0.06488,-0.875648,-0.449584,0.176392,-0.124332,0.562783,0.817201,-0.466671,0.69365,-0.548697,False,True,S1,True
S3_T4,1544826227.99,48.2,-127.37,38.76,-85.54,62.93,-40.88,-46.61,0.27948,-0.07898001,0.06488,-0.875648,-0.449584,0.176392,-0.124332,0.562783,0.817201,-0.466671,0.69365,-0.548697,False,True,S1,True
S3_T4,1544826228.13,48.08,-127.33,38.36,-85.21,62.45,-39.84,-46.61,0.27972,-0.08016001,0.06374001,-0.879127,-0.442082,0.178042,-0.118136,0.564059,0.81724,-0.461714,0.697425,-0.548105,False,True,S1,True
S3_T4,1544826228.13,48.08,-127.33,38.36,-85.21,62.45,-39.84,-46.61,0.27972,-0.08016001,0.06374001,-0.879127,-0.442082,0.178042,-0.118136,0.564059,0.81724,-0.461714,0.697425,-0.548105,False,True,S1,True
S3_T4,1544826228.13,48.08,-127.33,38.36,-85.21,62.45,-39.84,-46.61,0.27972,-0.08016001,0.06374001,-0.879127,-0.442082,0.178042,-0.118136,0.564059,0.81724,-0.461714,0.697425,-0.548105,False,True,S1,True
S3_T4,1544826228.26,48.19,-127.29,38.17,-85.27,62.86,-37.22,-46.61,0.27922,-0.08196,0.06259,-0.903719,-0.392829,0.170228,-0.094164,0.570255,0.816053,-0.417643,0.721453,-0.55234,False,True,S1,True
S3_T4,1544826228.26,48.19,-127.29,38.17,-85.27,62.86,-37.22,-46.61,0.27922,-0.08196,0.06259,-0.903719,-0.392829,0.170228,-0.094164,0.570255,0.816053,-0.417643,0.721453,-0.55234,False,True,S1,True
S3_T4,1544826228.36,48.3,-127.26,38.08,-85.29,63.02,-36.38,-46.61,0.27949,-0.082100004,0.062140003,-0.914191,-0.369064,0.167469,-0.080574,0.570475,0.817353,-0.397192,0.733723,-0.551261,False,True,S1,True
S3_T4,1544826228.36,48.3,-127.26,38.08,-85.29,63.02,-36.38,-46.61,0.27949,-0.082100004,0.062140003,-0.914191,-0.369064,0.167469,-0.080574,0.570475,0.817353,-0.397192,0.733723,-0.551261,False,True,S1,True
S3_T4,1544826228.48,49.14,-127.18,37.42,-85.02,63.92,-33.44,-46.61,0.28043002,-0.08246,0.061180003,-0.924692,-0.344213,0.162673,-0.067525,0.568788,0.819707,-0.374681,0.746992,-0.549197,False,True,S1,True
S3_T4,1544826228.48,49.14,-127.18,37.42,-85.02,63.92,-33.44,-46.61,0.28043002,-0.08246,0.061180003,-0.924692,-0.344213,0.162673,-0.067525,0.568788,0.819707,-0.374681,0.746992,-0.549197,False,True,S1,True
S3_T4,1544826228.48,49.14,-127.18,37.42,-85.02,63.92,-33.44,-46.61,0.28043002,-0.08246,0.061180003,-0.924692,-0.344213,0.162673,-0.067525,0.568788,0.819707,-0.374681,0.746992,-0.549197,False,True,S1,True
S3_T4,1544826228.65,49.15,-127.18,37.41,-85.02,63.91,-33.38,-46.61,0.2808,-0.08241001,0.060450003,-0.938395,-0.3041,0.16413,-0.042138,0.572113,0.819092,-0.342987,0.761715,-0.549682,False,True,S1,True
S3_T4,1544826228.65,49.15,-127.18,37.41,-85.02,63.91,-33.38,-46.61,0.2808,-0.08241001,0.060450003,-0.938395,-0.3041,0.16413,-0.042138,0.572113,0.819092,-0.342987,0.761715,-0.549682,False,True,S1,True
S3_T4,1544826228.65,49.15,-127.18,37.41,-85.02,63.91,-33.38,-46.61,0.2808,-0.08241001,0.060450003,-0.938395,-0.3041,0.16413,-0.042138,0.572113,0.819092,-0.342987,0.761715,-0.549682,False,True,S1,True
S3_T4,1544826228.78,49.93,-127.12,36.53,-85.37,63.55,-29.11,-46.61,0.28239003,-0.082830004,0.056190003,-0.949856,-0.265451,0.165258,-0.018869,0.576204,0.817088,-0.312119,0.772998,-0.552319,False,True,S1,True
S3_T4,1544826228.78,49.93,-127.12,36.53,-85.37,63.55,-29.11,-46.61,0.28239003,-0.082830004,0.056190003,-0.949856,-0.265451,0.165258,-0.018869,0.576204,0.817088,-0.312119,0.772998,-0.552319,False,True,S1,True
S3_T4,1544826228.89,50.19,-127.2,36.71,-86.18,63.19,-25.75,-46.61,0.28336,-0.08146001,0.05469,-0.961048,-0.22001,0.167281,0.008808,0.580565,0.814167,-0.276242,0.783926,-0.556012,False,True,S1,True
S3_T4,1544826228.89,50.19,-127.2,36.71,-86.18,63.19,-25.75,-46.61,0.28336,-0.08146001,0.05469,-0.961048,-0.22001,0.167281,0.008808,0.580565,0.814167,-0.276242,0.783926,-0.556012,False,True,S1,True
S3_T4,1544826228.89,50.19,-127.2,36.71,-86.18,63.19,-25.75,-46.61,0.28336,-0.08146001,0.05469,-0.961048,-0.22001,0.167281,0.008808,0.580565,0.814167,-0.276242,0.783926,-0.556012,False,True,S1,True
S3_T4,1544826229.01,50.21,-127.2,36.71,-86.19,63.17,-25.52,-46.61,0.28427,-0.08064,0.054210003,-0.970318,-0.171171,0.170832,0.040642,0.580938,0.812932,-0.238393,0.795746,-0.556738,False,True,S1,True
S3_T4,1544826229.01,50.21,-127.2,36.71,-86.19,63.17,-25.52,-46.61,0.28427,-0.08064,0.054210003,-0.970318,-0.171171,0.170832,0.040642,0.580938,0.812932,-0.238393,0.795746,-0.556738,False,True,S1,True
S3_T4,1544826229.01,50.21,-127.2,36.71,-86.19,63.17,-25.52,-46.61,0.28427,-0.08064,0.054210003,-0.970318,-0.171171,0.170832,0.040642,0.580938,0.812932,-0.238393,0.795746,-0.556738,False,True,S1,True
S3_T4,1544826229.13,50.47,-127.22,36.58,-86.41,62.64,-22.0,-46.61,0.28482002,-0.08006,0.05344,-0.972626,-0.156349,0.171913,0.050489,0.579947,0.813088,-0.226826,0.79951,-0.556178,False,True,S1,True
S3_T4,1544826229.13,50.47,-127.22,36.58,-86.41,62.64,-22.0,-46.61,0.28482002,-0.08006,0.05344,-0.972626,-0.156349,0.171913,0.050489,0.579947,0.813088,-0.226826,0.79951,-0.556178,False,True,S1,True
S3_T4,1544826229.26,50.86,-127.23,36.34,-86.91,62.5,-20.15,-46.61,0.28542003,-0.07943001,0.050570004,-0.977966,-0.119834,0.170945,0.070364,0.581722,0.810339,-0.196548,0.804512,-0.560472,False,True,S1,True
S3_T4,1544826229.26,50.86,-127.23,36.34,-86.91,62.5,-20.15,-46.61,0.28542003,-0.07943001,0.050570004,-0.977966,-0.119834,0.170945,0.070364,0.581722,0.810339,-0.196548,0.804512,-0.560472,False,True,S1,True
S3_T4,1544826229.26,50.86,-127.23,36.34,-86.91,62.5,-20.15,-46.61,0.28542003,-0.07943001,0.050570004,-0.977966,-0.119834,0.170945,0.070364,0.581722,0.810339,-0.196548,0.804512,-0.560472,False,True,S1,True
S3_T4,1544826229.38,50.96,-127.24,36.28,-87.03,62.47,-19.71,-46.61,0.28542003,-0.07914,0.050130002,-0.979448,-0.108163,0.170242,0.076357,0.582385,0.809319,-0.186684,0.805685,-0.562157,False,True,S1,True
S3_T4,1544826229.38,50.96,-127.24,36.28,-87.03,62.47,-19.71,-46.61,0.28542003,-0.07914,0.050130002,-0.979448,-0.108163,0.170242,0.076357,0.582385,0.809319,-0.186684,0.805685,-0.562157,False,True,S1,True
S3_T4,1544826229.48,51.44,-127.29,36.2,-88.28,62.41,-16.42,-46.61,0.28525,-0.07824,0.046120003,-0.98403,-0.066814,0.164987,0.095165,0.585824,0.804831,-0.150427,0.807679,-0.570111,False,True,S1,True
S3_T4,1544826229.48,51.44,-127.29,36.2,-88.28,62.41,-16.42,-46.61,0.28525,-0.07824,0.046120003,-0.98403,-0.066814,0.164987,0.095165,0.585824,0.804831,-0.150427,0.807679,-0.570111,False,True,S1,True
S3_T4,1544826229.48,51.44,-127.29,36.2,-88.28,62.41,-16.42,-46.61,0.28525,-0.07824,0.046120003,-0.98403,-0.066814,0.164987,0.095165,0.585824,0.804831,-0.150427,0.807679,-0.570111,False,True,S1,True
S3_T4,1544826229.62,51.64,-127.33,36.19,-89.03,61.9,-14.77,-46.61,0.28626,-0.077690005,0.04378,-0.984337,-0.04042,0.171602,0.114961,0.59079,0.798593,-0.13366,0.805812,-0.57689,False,True,S1,True
S3_T4,1544826229.62,51.64,-127.33,36.19,-89.03,61.9,-14.77,-46.61,0.28626,-0.077690005,0.04378,-0.984337,-0.04042,0.171602,0.114961,0.59079,0.798593,-0.13366,0.805812,-0.57689,False,True,S1,True
S3_T4,1544826229.72,51.77,-127.37,36.19,-89.53,61.45,-13.69,-46.61,0.2869,-0.07738,0.042700004,-0.984297,-0.032277,0.173546,0.121095,0.591864,0.796889,-0.128436,0.805391,-0.578662,False,True,S1,True
S3_T4,1544826229.72,51.77,-127.37,36.19,-89.53,61.45,-13.69,-46.61,0.2869,-0.07738,0.042700004,-0.984297,-0.032277,0.173546,0.121095,0.591864,0.796889,-0.128436,0.805391,-0.578662,False,True,S1,True
S3_T4,1544826229.72,51.77,-127.37,36.19,-89.53,61.45,-13.69,-46.61,0.2869,-0.07738,0.042700004,-0.984297,-0.032277,0.173546,0.121095,0.591864,0.796889,-0.128436,0.805391,-0.578662,False,True,S1,True
S3_T4,1544826229.86,51.89,-127.43,36.4,-90.85,60.52,-11.58,-46.61,0.28908,-0.07762001,0.039560005,-0.983185,-0.004371,0.182558,0.143323,0.601034,0.786268,-0.11316,0.799211,-0.590301,False,True,S1,True
S3_T4,1544826229.86,51.89,-127.43,36.4,-90.85,60.52,-11.58,-46.61,0.28908,-0.07762001,0.039560005,-0.983185,-0.004371,0.182558,0.143323,0.601034,0.786268,-0.11316,0.799211,-0.590301,False,True,S1,True
S3_T4,1544826229.86,51.89,-127.43,36.4,-90.85,60.52,-11.58,-46.61,0.28908,-0.07762001,0.039560005,-0.983185,-0.004371,0.182558,0.143323,0.601034,0.786268,-0.11316,0.799211,-0.590301,False,True,S1,True
S3_T4,1544826229.97,51.97,-127.44,36.45,-91.1,60.39,-11.15,-46.61,0.28932002,-0.07721,0.03911,-0.98317,0.004701,0.182631,0.148639,0.601802,0.784692,-0.106219,0.798632,-0.592372,False,True,S1,True
S3_T4,1544826229.97,51.97,-127.44,36.45,-91.1,60.39,-11.15,-46.61,0.28932002,-0.07721,0.03911,-0.98317,0.004701,0.182631,0.148639,0.601802,0.784692,-0.106219,0.798632,-0.592372,False,True,S1,True
S3_T4,1544826230.12,52.63,-127.48,36.25,-92.27,60.28,-8.81,-46.61,0.29038003,-0.07654001,0.03558,-0.983153,0.028323,0.180577,0.160758,0.604148,0.780489,-0.08699,0.796369,-0.598523,False,True,S1,True
S3_T4,1544826230.12,52.63,-127.48,36.25,-92.27,60.28,-8.81,-46.61,0.29038003,-0.07654001,0.03558,-0.983153,0.028323,0.180577,0.160758,0.604148,0.780489,-0.08699,0.796369,-0.598523,False,True,S1,True
S3_T4,1544826230.12,52.63,-127.48,36.25,-92.27,60.28,-8.81,-46.61,0.29038003,-0.07654001,0.03558,-0.983153,0.028323,0.180577,0.160758,0.604148,0.780489,-0.08699,0.796369,-0.598523,False,True,S1,True
S3_T4,1544826230.12,52.63,-127.48,36.25,-92.27,60.28,-8.81,-46.61,0.29038003,-0.07654001,0.03558,-0.983153,0.028323,0.180577,0.160758,0.604148,0.780489,-0.08699,0.796369,-0.598523,False,True,S1,True
S3_T4,1544826230.29,53.05,-127.48,35.89,-92.64,60.11,-8.61,-46.61,0.29189003,-0.07658,0.032250002,-0.98271,0.03247,0.182279,0.16409,0.608745,0.776211,-0.085758,0.792701,-0.603549,False,True,S1,True
S3_T4,1544826230.29,53.05,-127.48,35.89,-92.64,60.11,-8.61,-46.61,0.29189003,-0.07658,0.032250002,-0.98271,0.03247,0.182279,0.16409,0.608745,0.776211,-0.085758,0.792701,-0.603549,False,True,S1,True
S3_T4,1544826230.29,53.05,-127.48,35.89,-92.64,60.11,-8.61,-46.61,0.29189003,-0.07658,0.032250002,-0.98271,0.03247,0.182279,0.16409,0.608745,0.776211,-0.085758,0.792701,-0.603549,False,True,S1,True
S3_T4,1544826230.43,53.61,-127.42,35.38,-93.14,59.7,-8.42,-46.61,0.29408,-0.07740001,0.028590001,-0.980599,0.011101,0.19571,0.160748,0.616923,0.770433,-0.112186,0.786945,-0.606738,False,True,S1,True
S3_T4,1544826230.43,53.61,-127.42,35.38,-93.14,59.7,-8.42,-46.61,0.29408,-0.07740001,0.028590001,-0.980599,0.011101,0.19571,0.160748,0.616923,0.770433,-0.112186,0.786945,-0.606738,False,True,S1,True
S3_T4,1544826230.53,53.33,-127.46,35.34,-93.31,58.65,-9.93,-46.61,0.29405,-0.07749,0.028350001,-0.980599,0.011101,0.19571,0.160748,0.616923,0.770433,-0.112186,0.786945,-0.606738,False,True,S1,True
S3_T4,1544826230.53,53.33,-127.46,35.34,-93.31,58.65,-9.93,-46.61,0.29405,-0.07749,0.028350001,-0.980599,0.011101,0.19571,0.160748,0.616923,0.770433,-0.112186,0.786945,-0.606738,False,True,S1,True
S3_T4,1544826230.65,53.55,-127.47,34.95,-93.37,58.12,-10.23,-46.61,0.29524,-0.07717,0.02589,-0.978996,0.009591,0.203656,0.16585,0.618441,0.768131,-0.118582,0.785773,-0.607042,False,True,S1,True
S3_T4,1544826230.65,53.55,-127.47,34.95,-93.37,58.12,-10.23,-46.61,0.29524,-0.07717,0.02589,-0.978996,0.009591,0.203656,0.16585,0.618441,0.768131,-0.118582,0.785773,-0.607042,False,True,S1,True
S3_T4,1544826230.75,53.87,-127.45,34.51,-93.48,57.52,-10.56,-46.61,0.29614002,-0.076620005,0.023580002,-0.978332,0.019866,0.206087,0.173616,0.621025,0.76432,-0.112801,0.783539,-0.611018,False,True,S1,True
S3_T4,1544826230.75,53.87,-127.45,34.51,-93.48,57.52,-10.56,-46.61,0.29614002,-0.076620005,0.023580002,-0.978332,0.019866,0.206087,0.173616,0.621025,0.76432,-0.112801,0.783539,-0.611018,False,True,S1,True
S3_T4,1544826230.86,54.11,-127.49,34.53,-94.16,57.66,-9.05,-46.61,0.29623002,-0.076740004,0.022400001,-0.978712,0.027838,0.203343,0.176433,0.620286,0.764275,-0.104855,0.783881,-0.611993,False,True,S1,True
S3_T4,1544826230.86,54.11,-127.49,34.53,-94.16,57.66,-9.05,-46.61,0.29623002,-0.076740004,0.022400001,-0.978712,0.027838,0.203343,0.176433,0.620286,0.764275,-0.104855,0.783881,-0.611993,False,True,S1,True
S3_T4,1544826230.86,54.11,-127.49,34.53,-94.16,57.66,-9.05,-46.61,0.29623002,-0.076740004,0.022400001,-0.978712,0.027838,0.203343,0.176433,0.620286,0.764275,-0.104855,0.783881,-0.611993,False,True,S1,True
S3_T4,1544826230.99,54.11,-127.49,34.53,-94.16,57.65,-9.05,-46.61,0.29642004,-0.076620005,0.02232,-0.977892,0.030745,0.206839,0.180789,0.621375,0.76237,-0.105085,0.78291,-0.613196,False,True,S1,True
S3_T4,1544826230.99,54.11,-127.49,34.53,-94.16,57.65,-9.05,-46.61,0.29642004,-0.076620005,0.02232,-0.977892,0.030745,0.206839,0.180789,0.621375,0.76237,-0.105085,0.78291,-0.613196,False,True,S1,True
S3_T4,1544826231.1,54.48,-127.49,34.18,-94.47,57.22,-8.64,-46.61,0.29747,-0.076230004,0.020030001,-0.977516,0.036979,0.207594,0.18527,0.620721,0.761827,-0.100686,0.783159,-0.613615,False,True,S1,True
S3_T4,1544826231.1,54.48,-127.49,34.18,-94.47,57.22,-8.64,-46.61,0.29747,-0.076230004,0.020030001,-0.977516,0.036979,0.207594,0.18527,0.620721,0.761827,-0.100686,0.783159,-0.613615,False,True,S1,True
S3_T4,1544826231.1,54.48,-127.49,34.18,-94.47,57.22,-8.64,-46.61,0.29747,-0.076230004,0.020030001,-0.977516,0.036979,0.207594,0.18527,0.620721,0.761827,-0.100686,0.783159,-0.613615,False,True,S1,True
S3_T4,1544826231.1,54.48,-127.49,34.18,-94.47,57.22,-8.64,-46.61,0.29747,-0.076230004,0.020030001,-0.977516,0.036979,0.207594,0.18527,0.620721,0.761827,-0.100686,0.783159,-0.613615,False,True,S1,True
S3_T4,1544826231.25,54.69,-127.52,33.8,-94.53,56.5,-9.16,-46.61,0.29864004,-0.07548001,0.017930001,-0.97601,0.030852,0.215529,0.187645,0.621255,0.760809,-0.110426,0.783001,-0.612141,False,True,S1,True
S3_T4,1544826231.25,54.69,-127.52,33.8,-94.53,56.5,-9.16,-46.61,0.29864004,-0.07548001,0.017930001,-0.97601,0.030852,0.215529,0.187645,0.621255,0.760809,-0.110426,0.783001,-0.612141,False,True,S1,True
S3_T4,1544826231.36,54.71,-127.53,33.77,-94.55,56.43,-9.21,-46.61,0.29870003,-0.075330004,0.017690001,-0.975621,0.02338,0.218215,0.184547,0.625508,0.758078,-0.118771,0.779867,-0.614574,False,True,S1,True
S3_T4,1544826231.36,54.71,-127.53,33.77,-94.55,56.43,-9.21,-46.61,0.29870003,-0.075330004,0.017690001,-0.975621,0.02338,0.218215,0.184547,0.625508,0.758078,-0.118771,0.779867,-0.614574,False,True,S1,True
S3_T4,1544826231.36,54.71,-127.53,33.77,-94.55,56.43,-9.21,-46.61,0.29870003,-0.075330004,0.017690001,-0.975621,0.02338,0.218215,0.184547,0.625508,0.758078,-0.118771,0.779867,-0.614574,False,True,S1,True
S3_T4,1544826231.53,54.63,-127.56,33.92,-94.92,55.99,-9.68,-46.61,0.29907003,-0.07523001,0.017540002,-0.975454,0.020937,0.219207,0.183566,0.627159,0.756951,-0.12163,0.77861,-0.615608,False,True,S1,True
S3_T4,1544826231.53,54.63,-127.56,33.92,-94.92,55.99,-9.68,-46.61,0.29907003,-0.07523001,0.017540002,-0.975454,0.020937,0.219207,0.183566,0.627159,0.756951,-0.12163,0.77861,-0.615608,False,True,S1,True
S3_T4,1544826231.53,54.63,-127.56,33.92,-94.92,55.99,-9.68,-46.61,0.29907003,-0.07523001,0.017540002,-0.975454,0.020937,0.219207,0.183566,0.627159,0.756951,-0.12163,0.77861,-0.615608,False,True,S1,True
S3_T4,1544826231.53,54.63,-127.56,33.92,-94.92,55.99,-9.68,-46.61,0.29907003,-0.07523001,0.017540002,-0.975454,0.020937,0.219207,0.183566,0.627159,0.756951,-0.12163,0.77861,-0.615608,False,True,S1,True
S3_T4,1544826231.66,54.75,-127.59,34.12,-95.56,55.87,-9.19,-46.61,0.29991,-0.075050004,0.017040001,-0.975079,0.020573,0.220904,0.1841,0.630677,0.753892,-0.123809,0.775772,-0.618748,False,True,S1,True
S3_T4,1544826231.66,54.75,-127.59,34.12,-95.56,55.87,-9.19,-46.61,0.29991,-0.075050004,0.017040001,-0.975079,0.020573,0.220904,0.1841,0.630677,0.753892,-0.123809,0.775772,-0.618748,False,True,S1,True
S3_T4,1544826231.76,54.77,-127.59,34.12,-95.58,55.87,-9.19,-46.61,0.29989004,-0.07491001,0.01662,-0.975304,0.019274,0.220024,0.182036,0.634296,0.751353,-0.125079,0.77285,-0.62214,False,True,S1,True
S3_T4,1544826231.76,54.77,-127.59,34.12,-95.58,55.87,-9.19,-46.61,0.29989004,-0.07491001,0.01662,-0.975304,0.019274,0.220024,0.182036,0.634296,0.751353,-0.125079,0.77285,-0.62214,False,True,S1,True
S3_T4,1544826231.86,55.0,-127.62,34.16,-96.29,56.02,-8.98,-46.61,0.29984,-0.074640006,0.01549,-0.976139,0.016815,0.216496,0.177416,0.636626,0.750487,-0.125207,0.770989,-0.624419,False,True,S1,True
S3_T4,1544826231.86,55.0,-127.62,34.16,-96.29,56.02,-8.98,-46.61,0.29984,-0.074640006,0.01549,-0.976139,0.016815,0.216496,0.177416,0.636626,0.750487,-0.125207,0.770989,-0.624419,False,True,S1,True
S3_T4,1544826231.86,55.0,-127.62,34.16,-96.29,56.02,-8.98,-46.61,0.29984,-0.074640006,0.01549,-0.976139,0.016815,0.216496,0.177416,0.636626,0.750487,-0.125207,0.770989,-0.624419,False,True,S1,True
S3_T4,1544826231.98,55.01,-127.62,34.15,-96.29,56.03,-8.99,-46.61,0.29971,-0.074530005,0.0152900005,-0.976739,0.011142,0.214143,0.172326,0.635101,0.752961,-0.127613,0.772349,-0.622248,False,True,S1,True
S3_T4,1544826231.98,55.01,-127.62,34.15,-96.29,56.03,-8.99,-46.61,0.29971,-0.074530005,0.0152900005,-0.976739,0.011142,0.214143,0.172326,0.635101,0.752961,-0.127613,0.772349,-0.622248,False,True,S1,True
S3_T4,1544826232.08,55.25,-127.59,33.69,-95.92,56.32,-9.8,-46.61,0.29909,-0.074420005,0.014210001,-0.976939,0.009345,0.213316,0.170545,0.635266,0.753227,-0.128474,0.772237,-0.62221,False,True,S1,True
S3_T4,1544826232.08,55.25,-127.59,33.69,-95.92,56.32,-9.8,-46.61,0.29909,-0.074420005,0.014210001,-0.976939,0.009345,0.213316,0.170545,0.635266,0.753227,-0.128474,0.772237,-0.62221,False,True,S1,True
S3_T4,1544826232.21,55.28,-127.58,33.41,-95.86,56.3,-10.36,-46.61,0.29832003,-0.07508001,0.012680001,-0.977555,0.004036,0.210643,0.164993,0.636397,0.753509,-0.131012,0.771351,-0.622779,False,True,S1,True
S3_T4,1544826232.21,55.28,-127.58,33.41,-95.86,56.3,-10.36,-46.61,0.29832003,-0.07508001,0.012680001,-0.977555,0.004036,0.210643,0.164993,0.636397,0.753509,-0.131012,0.771351,-0.622779,False,True,S1,True
S3_T4,1544826232.3,55.29,-127.58,33.37,-95.84,56.3,-10.43,-46.61,0.29831,-0.075050004,0.01265,-0.977555,0.004036,0.210643,0.164993,0.636397,0.753509,-0.131012,0.771351,-0.622779,False,True,S1,True
S3_T4,1544826232.3,55.29,-127.58,33.37,-95.84,56.3,-10.43,-46.61,0.29831,-0.075050004,0.01265,-0.977555,0.004036,0.210643,0.164993,0.636397,0.753509,-0.131012,0.771351,-0.622779,False,True,S1,True
S3_T4,1544826232.3,55.29,-127.58,33.37,-95.84,56.3,-10.43,-46.61,0.29831,-0.075050004,0.01265,-0.977555,0.004036,0.210643,0.164993,0.636397,0.753509,-0.131012,0.771351,-0.622779,False,True,S1,True
S3_T4,1544826232.3,55.29,-127.58,33.37,-95.84,56.3,-10.43,-46.61,0.29831,-0.075050004,0.01265,-0.977555,0.004036,0.210643,0.164993,0.636397,0.753509,-0.131012,0.771351,-0.622779,False,True,S1,True
S3_T4,1544826232.45,55.52,-127.57,33.25,-96.03,56.42,-10.23,-46.61,0.29868,-0.074980006,0.0118,-0.977909,0.005076,0.208967,0.164128,0.637715,0.752584,-0.129441,0.770256,-0.62446,False,True,S1,True
S3_T4,1544826232.45,55.52,-127.57,33.25,-96.03,56.42,-10.23,-46.61,0.29868,-0.074980006,0.0118,-0.977909,0.005076,0.208967,0.164128,0.637715,0.752584,-0.129441,0.770256,-0.62446,False,True,S1,True
S3_T4,1544826232.56,55.52,-127.57,33.25,-96.03,56.42,-10.23,-46.61,0.29867002,-0.07492,0.011820001,-0.977348,0.006028,0.211553,0.166727,0.637627,0.752086,-0.130358,0.770321,-0.624189,False,True,S1,True
S3_T4,1544826232.56,55.52,-127.57,33.25,-96.03,56.42,-10.23,-46.61,0.29867002,-0.07492,0.011820001,-0.977348,0.006028,0.211553,0.166727,0.637627,0.752086,-0.130358,0.770321,-0.624189,False,True,S1,True
S3_T4,1544826232.64,55.45,-127.6,33.47,-96.39,56.12,-9.94,-46.61,0.29913002,-0.07463,0.011890001,-0.976951,0.005378,0.213397,0.16749,0.639081,0.750681,-0.13234,0.769121,-0.625252,False,True,S1,True
S3_T4,1544826232.73,55.45,-127.61,33.47,-96.39,56.12,-9.94,-46.61,0.29913002,-0.07462001,0.0119,-0.976951,0.005378,0.213397,0.16749,0.639081,0.750681,-0.13234,0.769121,-0.625252,False,True,S1,True
S3_T4,1544826232.84,55.45,-127.61,33.47,-96.39,56.12,-9.94,-46.61,0.29913002,-0.07462001,0.0119,-0.976951,0.005378,0.213397,0.16749,0.639081,0.750681,-0.13234,0.769121,-0.625252,False,True,S1,True
S3_T4,1544826232.93,55.45,-127.61,33.47,-96.39,56.12,-9.94,-46.61,0.29913002,-0.07462001,0.0119,-0.976951,0.005378,0.213397,0.16749,0.639081,0.750681,-0.13234,0.769121,-0.625252,False,True,S1,True
S3_T4,1544826233.02,55.45,-127.61,33.47,-96.39,56.12,-9.94,-46.61,0.29913002,-0.07462001,0.0119,-0.976951,0.005378,0.213397,0.16749,0.639081,0.750681,-0.13234,0.769121,-0.625252,False,True,S1,True
