S7_T2,1544824279.87,72.14,-126.53,44.87,-98.7,80.54,56.66,-46.61,0.30778003,0.015250001,0.09195,-0.715259,0.695055,-0.072825,0.328223,0.426094,0.843039,0.616988,0.579088,-0.5329,False,False,NA,NA
S7_T2,1544824280.05,72.14,-126.53,44.87,-98.7,80.54,56.66,-46.61,0.30778003,0.015250001,0.09195,-0.715259,0.695055,-0.072825,0.328223,0.426094,0.843039,0.616988,0.579088,-0.5329,False,False,NA,NA
S7_T2,1544824280.15,72.14,-126.53,44.87,-98.7,80.54,56.66,-46.61,0.30778003,0.015250001,0.09195,-0.715259,0.695055,-0.072825,0.328223,0.426094,0.843039,0.616988,0.579088,-0.5329,False,False,NA,NA
S7_T2,1544824280.23,72.14,-126.53,44.87,-98.7,80.54,56.66,-46.61,0.30778003,0.015250001,0.09195,-0.715259,0.695055,-0.072825,0.328223,0.426094,0.843039,0.616988,0.579088,-0.5329,False,False,NA,NA
S7_T2,1544824280.33,72.14,-126.53,44.87,-98.7,80.54,56.66,-46.61,0.30778003,0.015250001,0.09195,-0.715259,0.695055,-0.072825,0.328223,0.426094,0.843039,0.616988,0.579088,-0.5329,False,False,NA,NA
S7_T2,1544824280.43,72.14,-126.53,44.87,-98.7,80.54,56.66,-46.61,0.30778003,0.015250001,0.09195,-0.715259,0.695055,-0.072825,0.328223,0.426094,0.843039,0.616988,0.579088,-0.5329,False,False,NA,NA
S7_T2,1544824280.52,72.14,-126.53,44.87,-98.7,80.54,56.66,-46.61,0.30778003,0.015250001,0.09195,-0.715259,0.695055,-0.072825,0.328223,0.426094,0.843039,0.616988,0.579088,-0.5329,False,False,NA,NA
S7_T2,1544824280.52,72.14,-126.53,44.87,-98.7,80.54,56.66,-46.61,0.30778003,0.015250001,0.09195,-0.715259,0.695055,-0.072825,0.328223,0.426094,0.843039,0.616988,0.579088,-0.5329,False,False,NA,NA
S7_T2,1544824280.61,72.14,-126.53,44.87,-98.7,80.54,56.66,-46.61,0.30778003,0.015250001,0.09195,-0.715259,0.695055,-0.072825,0.328223,0.426094,0.843039,0.616988,0.579088,-0.5329,False,False,NA,NA
S7_T2,1544824280.71,72.14,-126.53,44.87,-98.7,80.54,56.66,-46.61,0.30778003,0.015250001,0.09195,-0.715259,0.695055,-0.072825,0.328223,0.426094,0.843039,0.616988,0.579088,-0.5329,False,False,NA,NA
S7_T2,1544824280.71,72.14,-126.53,44.87,-98.7,80.54,56.66,-46.61,0.30778003,0.015250001,0.09195,-0.715259,0.695055,-0.072825,0.328223,0.426094,0.843039,0.616988,0.579088,-0.5329,False,False,NA,NA
S7_T2,1544824280.8,72.14,-126.53,44.87,-98.7,80.54,56.66,-46.61,0.30778003,0.015250001,0.09195,-0.715259,0.695055,-0.072825,0.328223,0.426094,0.843039,0.616988,0.579088,-0.5329,False,False,NA,NA
S7_T2,1544824280.89,72.14,-126.53,44.87,-98.7,80.54,56.66,-46.61,0.30778003,0.015250001,0.09195,-0.715259,0.695055,-0.072825,0.328223,0.426094,0.843039,0.616988,0.579088,-0.5329,False,False,NA,NA
S7_T2,1544824280.98,72.14,-126.53,44.87,-98.7,80.54,56.66,-46.61,0.30778003,0.015250001,0.09195,-0.715259,0.695055,-0.072825,0.328223,0.426094,0.843039,0.616988,0.579088,-0.5329,False,False,NA,NA
S7_T2,1544824281.06,72.14,-126.53,44.87,-98.7,80.54,56.66,-46.61,0.30778003,0.015250001,0.09195,-0.715259,0.695055,-0.072825,0.328223,0.426094,0.843039,0.616988,0.579088,-0.5329,False,False,NA,NA
S7_T2,1544824281.06,72.14,-126.53,44.87,-98.7,80.54,56.66,-46.61,0.30778003,0.015250001,0.09195,-0.715259,0.695055,-0.072825,0.328223,0.426094,0.843039,0.616988,0.579088,-0.5329,False,False,NA,NA
S7_T2,1544824281.16,72.14,-126.53,44.87,-98.7,80.54,56.66,-46.61,0.30778003,0.015250001,0.09195,-0.715259,0.695055,-0.072825,0.328223,0.426094,0.843039,0.616988,0.579088,-0.5329,False,False,NA,NA
S7_T2,1544824281.26,72.14,-126.53,44.87,-98.7,80.54,56.66,-46.61,0.30778003,0.015250001,0.09195,-0.715259,0.695055,-0.072825,0.328223,0.426094,0.843039,0.616988,0.579088,-0.5329,False,False,NA,NA
S7_T2,1544824281.36,72.14,-126.53,44.87,-98.7,80.54,56.66,-46.61,0.30778003,0.015250001,0.09195,-0.715259,0.695055,-0.072825,0.328223,0.426094,0.843039,0.616988,0.579088,-0.5329,False,False,NA,NA
S7_T2,1544824281.46,72.14,-126.53,44.87,-98.7,80.54,56.66,-46.61,0.30778003,0.015250001,0.09195,-0.715259,0.695055,-0.072825,0.328223,0.426094,0.843039,0.616988,0.579088,-0.5329,False,False,NA,NA
S7_T2,1544824281.54,72.14,-126.53,44.87,-98.7,80.54,56.66,-46.61,0.30778003,0.015250001,0.09195,-0.715259,0.695055,-0.072825,0.328223,0.426094,0.843039,0.616988,0.579088,-0.5329,False,False,NA,NA
S7_T2,1544824281.54,72.14,-126.53,44.87,-98.7,80.54,56.66,-46.61,0.30778003,0.015250001,0.09195,-0.715259,0.695055,-0.072825,0.328223,0.426094,0.843039,0.616988,0.579088,-0.5329,False,False,NA,NA
S7_T2,1544824281.63,72.14,-126.53,44.87,-98.7,80.54,56.66,-46.61,0.30778003,0.015250001,0.09195,-0.715259,0.695055,-0.072825,0.328223,0.426094,0.843039,0.616988,0.579088,-0.5329,False,False,NA,NA
S7_T2,1544824281.72,72.14,-126.53,44.87,-98.7,80.54,56.66,-46.61,0.30778003,0.015250001,0.09195,-0.715259,0.695055,-0.072825,0.328223,0.426094,0.843039,0.616988,0.579088,-0.5329,False,False,NA,NA
S7_T2,1544824281.81,72.14,-126.53,44.87,-98.7,80.54,56.66,-46.61,0.30778003,0.015250001,0.09195,-0.715259,0.695055,-0.072825,0.328223,0.426094,0.843039,0.616988,0.579088,-0.5329,False,False,NA,NA
S7_T2,1544824281.89,72.14,-126.53,44.87,-98.7,80.54,56.66,-46.61,0.30778003,0.015250001,0.09195,-0.715259,0.695055,-0.072825,0.328223,0.426094,0.843039,0.616988,0.579088,-0.5329,False,False,NA,NA
S7_T2,1544824281.99,72.14,-126.53,44.87,-98.7,80.54,56.66,-46.61,0.30778003,0.015250001,0.09195,-0.715259,0.695055,-0.072825,0.328223,0.426094,0.843039,0.616988,0.579088,-0.5329,False,False,NA,NA
S7_T2,1544824282.08,72.14,-126.53,44.87,-98.7,80.54,56.66,-46.61,0.30778003,0.015250001,0.09195,-0.715259,0.695055,-0.072825,0.328223,0.426094,0.843039,0.616988,0.579088,-0.5329,False,False,NA,NA
S7_T2,1544824282.17,72.14,-126.53,44.87,-98.7,80.54,56.66,-46.61,0.30778003,0.015250001,0.09195,-0.715259,0.695055,-0.072825,0.328223,0.426094,0.843039,0.616988,0.579088,-0.5329,False,False,NA,NA
S7_T2,1544824282.17,72.14,-126.53,44.87,-98.7,80.54,56.66,-46.61,0.30778003,0.015250001,0.09195,-0.715259,0.695055,-0.072825,0.328223,0.426094,0.843039,0.616988,0.579088,-0.5329,False,False,NA,NA
S7_T2,1544824282.28,72.14,-126.53,44.87,-98.7,80.54,56.66,-46.61,0.30778003,0.015250001,0.09195,-0.715259,0.695055,-0.072825,0.328223,0.426094,0.843039,0.616988,0.579088,-0.5329,False,False,NA,NA
S7_T2,1544824282.28,72.14,-126.53,44.87,-98.7,80.54,56.66,-46.61,0.30778003,0.015250001,0.09195,-0.715259,0.695055,-0.072825,0.328223,0.426094,0.843039,0.616988,0.579088,-0.5329,False,False,NA,NA
S7_T2,1544824282.37,72.14,-126.53,44.87,-98.7,80.54,56.66,-46.61,0.30778003,0.015250001,0.09195,-0.715259,0.695055,-0.072825,0.328223,0.426094,0.843039,0.616988,0.579088,-0.5329,False,False,NA,NA
S7_T2,1544824282.46,72.14,-126.53,44.87,-98.7,80.54,56.66,-46.61,0.30778003,0.015250001,0.09195,-0.715259,0.695055,-0.072825,0.328223,0.426094,0.843039,0.616988,0.579088,-0.5329,False,False,NA,NA
S7_T2,1544824282.56,72.14,-126.53,44.87,-98.7,80.54,56.66,-46.61,0.30778003,0.015250001,0.09195,-0.715259,0.695055,-0.072825,0.328223,0.426094,0.843039,0.616988,0.579088,-0.5329,False,False,NA,NA
S7_T2,1544824282.56,72.14,-126.53,44.87,-98.7,80.54,56.66,-46.61,0.30778003,0.015250001,0.09195,-0.715259,0.695055,-0.072825,0.328223,0.426094,0.843039,0.616988,0.579088,-0.5329,False,False,NA,NA
S7_T2,1544824282.67,72.14,-126.53,44.87,-98.7,80.54,56.66,-46.61,0.30778003,0.015250001,0.09195,-0.715259,0.695055,-0.072825,0.328223,0.426094,0.843039,0.616988,0.579088,-0.5329,False,False,NA,NA
S7_T2,1544824282.67,72.14,-126.53,44.87,-98.7,80.54,56.66,-46.61,0.30778003,0.015250001,0.09195,-0.715259,0.695055,-0.072825,0.328223,0.426094,0.843039,0.616988,0.579088,-0.5329,False,False,NA,NA
S7_T2,1544824282.86,72.14,-126.53,44.87,-98.7,80.54,56.66,-46.61,0.30778003,0.015250001,0.09195,-0.715259,0.695055,-0.072825,0.328223,0.426094,0.843039,0.616988,0.579088,-0.5329,False,False,NA,NA
S7_T2,1544824282.86,72.14,-126.53,44.87,-98.7,80.54,56.66,-46.61,0.30778003,0.015250001,0.09195,-0.715259,0.695055,-0.072825,0.328223,0.426094,0.843039,0.616988,0.579088,-0.5329,False,False,NA,NA
S7_T2,1544824282.86,72.14,-126.53,44.87,-98.7,80.54,56.66,-46.61,0.30778003,0.015250001,0.09195,-0.715259,0.695055,-0.072825,0.328223,0.426094,0.843039,0.616988,0.579088,-0.5329,False,False,NA,NA
S7_T2,1544824283.0,72.15,-126.53,44.87,-98.7,80.54,56.66,-46.61,0.30777,0.0152900005,0.091910005,-0.715259,0.695055,-0.072825,0.328223,0.426094,0.843039,0.616988,0.579088,-0.5329,False,False,NA,NA
S7_T2,1544824283.0,72.15,-126.53,44.87,-98.7,80.54,56.66,-46.61,0.30777,0.0152900005,0.091910005,-0.715259,0.695055,-0.072825,0.328223,0.426094,0.843039,0.616988,0.579088,-0.5329,False,False,NA,NA
S7_T2,1544824283.0,72.15,-126.53,44.87,-98.7,80.54,56.66,-46.61,0.30777,0.0152900005,0.091910005,-0.715259,0.695055,-0.072825,0.328223,0.426094,0.843039,0.616988,0.579088,-0.5329,False,False,NA,NA
S7_T2,1544824283.11,72.15,-126.53,44.86,-98.72,80.53,56.66,-46.61,0.30778003,0.01532,0.091910005,-0.715259,0.695055,-0.072825,0.328223,0.426094,0.843039,0.616988,0.579088,-0.5329,False,False,NA,NA
S7_T2,1544824283.11,72.15,-126.53,44.86,-98.72,80.53,56.66,-46.61,0.30778003,0.01532,0.091910005,-0.715259,0.695055,-0.072825,0.328223,0.426094,0.843039,0.616988,0.579088,-0.5329,False,False,NA,NA
S7_T2,1544824283.22,71.8,-126.6,45.22,-98.58,80.71,56.54,-46.61,0.30637002,0.014430001,0.093210004,-0.716331,0.693854,-0.07374,0.326792,0.426985,0.843144,0.616504,0.579872,-0.532608,False,False,NA,NA
S7_T2,1544824283.22,71.8,-126.6,45.22,-98.58,80.71,56.54,-46.61,0.30637002,0.014430001,0.093210004,-0.716331,0.693854,-0.07374,0.326792,0.426985,0.843144,0.616504,0.579872,-0.532608,False,False,NA,NA
S7_T2,1544824283.22,71.8,-126.6,45.22,-98.58,80.71,56.54,-46.61,0.30637002,0.014430001,0.093210004,-0.716331,0.693854,-0.07374,0.326792,0.426985,0.843144,0.616504,0.579872,-0.532608,False,False,NA,NA
S7_T2,1544824283.35,71.79,-126.61,45.31,-98.63,80.77,56.53,-46.61,0.3059,0.014180001,0.09353001,-0.726412,0.682638,-0.079562,0.325156,0.44336,0.835288,0.605474,0.580893,-0.544026,False,False,NA,NA
S7_T2,1544824283.47,71.78,-126.59,46.01,-99.31,81.48,56.63,-46.61,0.30520004,0.01332,0.093890004,-0.726177,0.682809,-0.080243,0.325851,0.4446,0.834357,0.605382,0.579744,-0.545352,False,False,NA,NA
S7_T2,1544824283.47,71.78,-126.59,46.01,-99.31,81.48,56.63,-46.61,0.30520004,0.01332,0.093890004,-0.726177,0.682809,-0.080243,0.325851,0.4446,0.834357,0.605382,0.579744,-0.545352,False,False,NA,NA
S7_T2,1544824283.47,71.78,-126.59,46.01,-99.31,81.48,56.63,-46.61,0.30520004,0.01332,0.093890004,-0.726177,0.682809,-0.080243,0.325851,0.4446,0.834357,0.605382,0.579744,-0.545352,False,False,NA,NA
S7_T2,1544824283.6,71.42,-126.65,46.44,-99.3,81.63,56.61,-46.61,0.30383,0.011820001,0.095520005,-0.73038,0.678332,-0.080063,0.32577,0.448972,0.832044,0.600349,0.581627,-0.548901,False,False,NA,NA
S7_T2,1544824283.6,71.42,-126.65,46.44,-99.3,81.63,56.61,-46.61,0.30383,0.011820001,0.095520005,-0.73038,0.678332,-0.080063,0.32577,0.448972,0.832044,0.600349,0.581627,-0.548901,False,False,NA,NA
S7_T2,1544824283.7,71.28,-126.7,46.62,-99.3,81.7,56.58,-46.61,0.30373,0.011600001,0.095570005,-0.73038,0.678332,-0.080063,0.32577,0.448972,0.832044,0.600349,0.581627,-0.548901,False,False,NA,NA
S7_T2,1544824283.7,71.28,-126.7,46.62,-99.3,81.7,56.58,-46.61,0.30373,0.011600001,0.095570005,-0.73038,0.678332,-0.080063,0.32577,0.448972,0.832044,0.600349,0.581627,-0.548901,False,False,NA,NA
S7_T2,1544824283.8,71.02,-126.73,46.72,-99.08,81.71,56.43,-46.61,0.30294,0.01107,0.096250005,-0.73038,0.678332,-0.080063,0.32577,0.448972,0.832044,0.600349,0.581627,-0.548901,False,False,NA,NA
S7_T2,1544824283.8,71.02,-126.73,46.72,-99.08,81.71,56.43,-46.61,0.30294,0.01107,0.096250005,-0.73038,0.678332,-0.080063,0.32577,0.448972,0.832044,0.600349,0.581627,-0.548901,False,True,S1,True
S7_T2,1544824283.91,70.99,-126.73,46.73,-99.08,81.71,56.41,-46.61,0.30265,0.010520001,0.09627,-0.734679,0.67351,-0.081435,0.322458,0.452287,0.831539,0.596882,0.584655,-0.549464,False,True,S1,True
S7_T2,1544824283.91,70.99,-126.73,46.73,-99.08,81.71,56.41,-46.61,0.30265,0.010520001,0.09627,-0.734679,0.67351,-0.081435,0.322458,0.452287,0.831539,0.596882,0.584655,-0.549464,False,True,S1,True
S7_T2,1544824284.01,70.49,-126.79,47.07,-98.96,82.09,55.44,-46.61,0.30138,0.007970001,0.09680001,-0.742036,0.665367,-0.081662,0.320434,0.459055,0.828607,0.588816,0.58869,-0.553842,False,True,S1,True
S7_T2,1544824284.01,70.49,-126.79,47.07,-98.96,82.09,55.44,-46.61,0.30138,0.007970001,0.09680001,-0.742036,0.665367,-0.081662,0.320434,0.459055,0.828607,0.588816,0.58869,-0.553842,False,True,S1,True
S7_T2,1544824284.12,70.47,-126.79,47.08,-98.96,82.09,55.43,-46.61,0.30142003,0.0075300005,0.09666001,-0.745011,0.661897,-0.082766,0.319209,0.462709,0.827046,0.585717,0.589739,-0.556008,False,True,S1,True
S7_T2,1544824284.12,70.47,-126.79,47.08,-98.96,82.09,55.43,-46.61,0.30142003,0.0075300005,0.09666001,-0.745011,0.661897,-0.082766,0.319209,0.462709,0.827046,0.585717,0.589739,-0.556008,False,True,S1,True
S7_T2,1544824284.27,70.1,-126.79,47.53,-99.68,82.51,54.37,-46.61,0.30135003,0.0030500002,0.09493001,-0.760616,0.644303,-0.079603,0.321288,0.480134,0.816238,0.564125,0.595269,-0.572205,False,True,S1,True
S7_T2,1544824284.27,70.1,-126.79,47.53,-99.68,82.51,54.37,-46.61,0.30135003,0.0030500002,0.09493001,-0.760616,0.644303,-0.079603,0.321288,0.480134,0.816238,0.564125,0.595269,-0.572205,False,True,S1,True
S7_T2,1544824284.27,70.1,-126.79,47.53,-99.68,82.51,54.37,-46.61,0.30135003,0.0030500002,0.09493001,-0.760616,0.644303,-0.079603,0.321288,0.480134,0.816238,0.564125,0.595269,-0.572205,False,True,S1,True
S7_T2,1544824284.42,69.96,-126.77,47.58,-99.76,82.54,54.05,-46.61,0.30174,0.00020000001,0.09364001,-0.765912,0.638448,-0.075914,0.322867,0.484032,0.813308,0.556,0.598413,-0.576859,False,True,S1,True
S7_T2,1544824284.42,69.96,-126.77,47.58,-99.76,82.54,54.05,-46.61,0.30174,0.00020000001,0.09364001,-0.765912,0.638448,-0.075914,0.322867,0.484032,0.813308,0.556,0.598413,-0.576859,False,True,S1,True
S7_T2,1544824284.52,69.59,-126.78,47.38,-99.84,82.38,53.22,-46.61,0.30216002,-0.00161,0.092470005,-0.768438,0.635588,-0.074368,0.32396,0.486606,0.811335,0.551863,0.599369,-0.579831,False,True,S1,True
S7_T2,1544824284.52,69.59,-126.78,47.38,-99.84,82.38,53.22,-46.61,0.30216002,-0.00161,0.092470005,-0.768438,0.635588,-0.074368,0.32396,0.486606,0.811335,0.551863,0.599369,-0.579831,False,True,S1,True
S7_T2,1544824284.64,69.09,-126.83,47.36,-99.9,82.02,52.38,-46.61,0.30246,-0.00472,0.09099,-0.775746,0.627689,-0.064996,0.327693,0.488714,0.808564,0.539291,0.605942,-0.584807,False,True,S1,True
S7_T2,1544824284.64,69.09,-126.83,47.36,-99.9,82.02,52.38,-46.61,0.30246,-0.00472,0.09099,-0.775746,0.627689,-0.064996,0.327693,0.488714,0.808564,0.539291,0.605942,-0.584807,False,True,S1,True
S7_T2,1544824284.78,68.75,-126.89,47.35,-99.98,81.74,51.91,-46.61,0.30304003,-0.0077700005,0.08964001,-0.782479,0.620416,-0.053014,0.333832,0.489851,0.805358,0.525626,0.612478,-0.590413,False,True,S1,True
S7_T2,1544824284.78,68.75,-126.89,47.35,-99.98,81.74,51.91,-46.61,0.30304003,-0.0077700005,0.08964001,-0.782479,0.620416,-0.053014,0.333832,0.489851,0.805358,0.525626,0.612478,-0.590413,False,True,S1,True
S7_T2,1544824284.78,68.75,-126.89,47.35,-99.98,81.74,51.91,-46.61,0.30304003,-0.0077700005,0.08964001,-0.782479,0.620416,-0.053014,0.333832,0.489851,0.805358,0.525626,0.612478,-0.590413,False,True,S1,True
S7_T2,1544824284.88,67.61,-127.1,47.61,-100.34,80.6,50.34,-46.61,0.30363002,-0.010530001,0.08879001,-0.789985,0.611698,-0.041823,0.33841,0.491892,0.802198,0.511275,0.619571,-0.595592,False,True,S1,True
S7_T2,1544824284.88,67.61,-127.1,47.61,-100.34,80.6,50.34,-46.61,0.30363002,-0.010530001,0.08879001,-0.789985,0.611698,-0.041823,0.33841,0.491892,0.802198,0.511275,0.619571,-0.595592,False,True,S1,True
S7_T2,1544824285.02,66.7,-127.28,47.77,-100.48,79.76,49.28,-46.61,0.30371,-0.013870001,0.08783001,-0.79925,0.600507,-0.024321,0.344572,0.491016,0.800109,0.492412,0.631107,-0.599362,False,True,S1,True
S7_T2,1544824285.02,66.7,-127.28,47.77,-100.48,79.76,49.28,-46.61,0.30371,-0.013870001,0.08783001,-0.79925,0.600507,-0.024321,0.344572,0.491016,0.800109,0.492412,0.631107,-0.599362,False,True,S1,True
S7_T2,1544824285.11,65.9,-127.43,47.92,-100.59,78.99,48.33,-46.61,0.30376002,-0.015910001,0.087230004,-0.802749,0.596025,-0.018661,0.346812,0.492098,0.798474,0.485094,0.634502,-0.60174,False,True,S1,True
S7_T2,1544824285.11,65.9,-127.43,47.92,-100.59,78.99,48.33,-46.61,0.30376002,-0.015910001,0.087230004,-0.802749,0.596025,-0.018661,0.346812,0.492098,0.798474,0.485094,0.634502,-0.60174,False,True,S1,True
S7_T2,1544824285.24,65.33,-127.5,47.91,-100.85,78.18,47.37,-46.61,0.30531,-0.019100001,0.08538,-0.811069,0.584946,-0.002174,0.354064,0.493885,0.794176,0.465624,0.643362,-0.607683,False,True,S1,True
S7_T2,1544824285.24,65.33,-127.5,47.91,-100.85,78.18,47.37,-46.61,0.30531,-0.019100001,0.08538,-0.811069,0.584946,-0.002174,0.354064,0.493885,0.794176,0.465624,0.643362,-0.607683,False,True,S1,True
S7_T2,1544824285.37,65.04,-127.54,47.83,-101.04,77.76,46.82,-46.61,0.30589002,-0.020510001,0.08406,-0.814505,0.58015,0.002729,0.356752,0.497144,0.790934,0.457503,0.645193,-0.611896,False,True,S1,True
S7_T2,1544824285.37,65.04,-127.54,47.83,-101.04,77.76,46.82,-46.61,0.30589002,-0.020510001,0.08406,-0.814505,0.58015,0.002729,0.356752,0.497144,0.790934,0.457503,0.645193,-0.611896,False,True,S1,True
S7_T2,1544824285.46,64.77,-127.54,47.66,-101.71,77.14,45.86,-46.61,0.30755,-0.02349,0.08094001,-0.822165,0.569095,0.013245,0.362029,0.50478,0.783666,0.439294,0.649097,-0.621042,False,True,S1,True
S7_T2,1544824285.46,64.77,-127.54,47.66,-101.71,77.14,45.86,-46.61,0.30755,-0.02349,0.08094001,-0.822165,0.569095,0.013245,0.362029,0.50478,0.783666,0.439294,0.649097,-0.621042,False,True,S1,True
S7_T2,1544824285.59,64.56,-127.54,47.52,-102.28,76.62,45.05,-46.61,0.30886,-0.02583,0.078360006,-0.82783,0.560554,0.021805,0.366256,0.51063,0.77789,0.424916,0.651947,-0.628022,False,True,S1,True
S7_T2,1544824285.59,64.56,-127.54,47.52,-102.28,76.62,45.05,-46.61,0.30886,-0.02583,0.078360006,-0.82783,0.560554,0.021805,0.366256,0.51063,0.77789,0.424916,0.651947,-0.628022,False,True,S1,True
S7_T2,1544824285.59,64.56,-127.54,47.52,-102.28,76.62,45.05,-46.61,0.30886,-0.02583,0.078360006,-0.82783,0.560554,0.021805,0.366256,0.51063,0.77789,0.424916,0.651947,-0.628022,False,True,S1,True
S7_T2,1544824285.71,64.33,-127.64,47.59,-103.43,75.58,44.68,-46.61,0.31083,-0.025950002,0.07478,-0.832917,0.552023,0.039,0.377026,0.514461,0.770182,0.405094,0.656202,-0.636631,False,True,S1,True
S7_T2,1544824285.71,64.33,-127.64,47.59,-103.43,75.58,44.68,-46.61,0.31083,-0.025950002,0.07478,-0.832917,0.552023,0.039,0.377026,0.514461,0.770182,0.405094,0.656202,-0.636631,False,True,S1,True
S7_T2,1544824285.71,64.33,-127.64,47.59,-103.43,75.58,44.68,-46.61,0.31083,-0.025950002,0.07478,-0.832917,0.552023,0.039,0.377026,0.514461,0.770182,0.405094,0.656202,-0.636631,False,True,S1,True
S7_T2,1544824285.85,63.9,-127.85,48.05,-105.05,74.21,44.42,-46.61,0.31229,-0.02531,0.07305001,-0.838449,0.541553,0.061015,0.390766,0.519373,0.759969,0.379875,0.661038,-0.647089,False,True,S1,True
S7_T2,1544824285.85,63.9,-127.85,48.05,-105.05,74.21,44.42,-46.61,0.31229,-0.02531,0.07305001,-0.838449,0.541553,0.061015,0.390766,0.519373,0.759969,0.379875,0.661038,-0.647089,False,True,S1,True
S7_T2,1544824285.85,63.9,-127.85,48.05,-105.05,74.21,44.42,-46.61,0.31229,-0.02531,0.07305001,-0.838449,0.541553,0.061015,0.390766,0.519373,0.759969,0.379875,0.661038,-0.647089,False,True,S1,True
S7_T2,1544824285.99,63.6,-128.01,48.38,-106.54,72.86,43.99,-46.61,0.31428,-0.024510002,0.07074,-0.845703,0.528699,0.072548,0.39285,0.524777,0.755167,0.361184,0.667148,-0.651505,False,True,S1,True
S7_T2,1544824285.99,63.6,-128.01,48.38,-106.54,72.86,43.99,-46.61,0.31428,-0.024510002,0.07074,-0.845703,0.528699,0.072548,0.39285,0.524777,0.755167,0.361184,0.667148,-0.651505,False,True,S1,True
S7_T2,1544824286.08,63.69,-128.03,48.24,-107.08,72.3,43.53,-46.61,0.31509,-0.02414,0.06950001,-0.847553,0.525388,0.074979,0.39293,0.526254,0.754098,0.356736,0.668599,-0.652468,False,True,S1,True
S7_T2,1544824286.08,63.69,-128.03,48.24,-107.08,72.3,43.53,-46.61,0.31509,-0.02414,0.06950001,-0.847553,0.525388,0.074979,0.39293,0.526254,0.754098,0.356736,0.668599,-0.652468,False,True,S1,True
S7_T2,1544824286.2,63.8,-128.03,48.19,-107.87,72.2,43.3,-46.61,0.3159,-0.02521,0.06655001,-0.853596,0.514917,0.078955,0.393755,0.538514,0.744956,0.341072,0.666981,-0.662425,False,True,S1,True
S7_T2,1544824286.2,63.8,-128.03,48.19,-107.87,72.2,43.3,-46.61,0.3159,-0.02521,0.06655001,-0.853596,0.514917,0.078955,0.393755,0.538514,0.744956,0.341072,0.666981,-0.662425,False,True,S1,True
S7_T2,1544824286.2,63.8,-128.03,48.19,-107.87,72.2,43.3,-46.61,0.3159,-0.02521,0.06655001,-0.853596,0.514917,0.078955,0.393755,0.538514,0.744956,0.341072,0.666981,-0.662425,False,True,S1,True
S7_T2,1544824286.29,63.97,-128.0,48.1,-109.04,72.0,42.94,-46.61,0.31707004,-0.026620002,0.063370004,-0.858113,0.506738,0.082814,0.394747,0.547937,0.737522,0.328354,0.665568,-0.670226,False,True,S1,True
S7_T2,1544824286.29,63.97,-128.0,48.1,-109.04,72.0,42.94,-46.61,0.31707004,-0.026620002,0.063370004,-0.858113,0.506738,0.082814,0.394747,0.547937,0.737522,0.328354,0.665568,-0.670226,False,True,S1,True
S7_T2,1544824286.29,63.97,-128.0,48.1,-109.04,72.0,42.94,-46.61,0.31707004,-0.026620002,0.063370004,-0.858113,0.506738,0.082814,0.394747,0.547937,0.737522,0.328354,0.665568,-0.670226,False,True,S1,True
S7_T2,1544824286.41,63.82,-128.02,47.85,-109.52,71.39,41.99,-46.61,0.31765002,-0.027850002,0.060610004,-0.864961,0.493628,0.090404,0.393011,0.554285,0.733697,0.312064,0.670149,-0.673436,False,True,S1,True
S7_T2,1544824286.41,63.82,-128.02,47.85,-109.52,71.39,41.99,-46.61,0.31765002,-0.027850002,0.060610004,-0.864961,0.493628,0.090404,0.393011,0.554285,0.733697,0.312064,0.670149,-0.673436,False,True,S1,True
S7_T2,1544824286.52,63.74,-128.05,47.77,-109.64,71.19,41.7,-46.61,0.31775,-0.028140001,0.060170002,-0.865432,0.492529,0.091889,0.39367,0.555012,0.732793,0.309922,0.670356,-0.674219,False,True,S1,True
S7_T2,1544824286.52,63.74,-128.05,47.77,-109.64,71.19,41.7,-46.61,0.31775,-0.028140001,0.060170002,-0.865432,0.492529,0.091889,0.39367,0.555012,0.732793,0.309922,0.670356,-0.674219,False,True,S1,True
S7_T2,1544824286.63,63.72,-128.05,47.51,-110.42,70.51,40.99,-46.61,0.31948003,-0.029700002,0.056630004,-0.871377,0.479825,0.102319,0.396087,0.564954,0.723838,0.28951,0.671264,-0.682341,False,True,S1,True
S7_T2,1544824286.63,63.72,-128.05,47.51,-110.42,70.51,40.99,-46.61,0.31948003,-0.029700002,0.056630004,-0.871377,0.479825,0.102319,0.396087,0.564954,0.723838,0.28951,0.671264,-0.682341,False,True,S1,True
S7_T2,1544824286.63,63.72,-128.05,47.51,-110.42,70.51,40.99,-46.61,0.31948003,-0.029700002,0.056630004,-0.871377,0.479825,0.102319,0.396087,0.564954,0.723838,0.28951,0.671264,-0.682341,False,True,S1,True
S7_T2,1544824286.75,63.72,-128.04,47.2,-111.28,69.78,40.21,-46.61,0.32099,-0.031140001,0.05355,-0.875521,0.470635,0.10939,0.396745,0.571013,0.718706,0.275785,0.672642,-0.686655,False,True,S1,True
S7_T2,1544824286.75,63.72,-128.04,47.2,-111.28,69.78,40.21,-46.61,0.32099,-0.031140001,0.05355,-0.875521,0.470635,0.10939,0.396745,0.571013,0.718706,0.275785,0.672642,-0.686655,False,True,S1,True
S7_T2,1544824286.75,63.72,-128.04,47.2,-111.28,69.78,40.21,-46.61,0.32099,-0.031140001,0.05355,-0.875521,0.470635,0.10939,0.396745,0.571013,0.718706,0.275785,0.672642,-0.686655,False,True,S1,True
S7_T2,1544824286.85,63.65,-128.09,47.38,-112.66,69.11,39.99,-46.61,0.32277,-0.032040004,0.051280003,-0.879875,0.459696,0.120413,0.400666,0.581406,0.70812,0.255511,0.671303,-0.695749,False,True,S1,True
S7_T2,1544824286.85,63.65,-128.09,47.38,-112.66,69.11,39.99,-46.61,0.32277,-0.032040004,0.051280003,-0.879875,0.459696,0.120413,0.400666,0.581406,0.70812,0.255511,0.671303,-0.695749,False,True,S1,True
S7_T2,1544824286.99,63.81,-128.09,47.17,-113.08,68.87,39.75,-46.61,0.32382002,-0.03243,0.04909,-0.882341,0.454256,0.12299,0.400212,0.586775,0.703936,0.2476,0.670333,-0.699534,False,True,S1,True
S7_T2,1544824286.99,63.81,-128.09,47.17,-113.08,68.87,39.75,-46.61,0.32382002,-0.03243,0.04909,-0.882341,0.454256,0.12299,0.400212,0.586775,0.703936,0.2476,0.670333,-0.699534,False,True,S1,True
S7_T2,1544824286.99,63.81,-128.09,47.17,-113.08,68.87,39.75,-46.61,0.32382002,-0.03243,0.04909,-0.882341,0.454256,0.12299,0.400212,0.586775,0.703936,0.2476,0.670333,-0.699534,False,True,S1,True
S7_T2,1544824287.1,63.97,-128.03,46.93,-113.25,68.75,39.59,-46.61,0.32407004,-0.032500003,0.04814,-0.882341,0.454256,0.12299,0.400212,0.586775,0.703936,0.2476,0.670333,-0.699534,False,True,S1,True
S7_T2,1544824287.1,63.97,-128.03,46.93,-113.25,68.75,39.59,-46.61,0.32407004,-0.032500003,0.04814,-0.882341,0.454256,0.12299,0.400212,0.586775,0.703936,0.2476,0.670333,-0.699534,False,True,S1,True
S7_T2,1544824287.21,64.2,-127.99,46.65,-113.61,68.15,39.59,-46.61,0.32719,-0.032950003,0.046550002,-0.881249,0.452921,0.135136,0.408168,0.585088,0.700765,0.238325,0.672707,-0.700476,False,True,S1,True
S7_T2,1544824287.21,64.2,-127.99,46.65,-113.61,68.15,39.59,-46.61,0.32719,-0.032950003,0.046550002,-0.881249,0.452921,0.135136,0.408168,0.585088,0.700765,0.238325,0.672707,-0.700476,False,True,S1,True
S7_T2,1544824287.3,64.38,-127.95,46.38,-113.95,67.54,39.61,-46.61,0.32945004,-0.03339,0.045300003,-0.879796,0.451867,0.147565,0.416333,0.582678,0.697963,0.229404,0.675501,-0.700765,False,True,S1,True
S7_T2,1544824287.3,64.38,-127.95,46.38,-113.95,67.54,39.61,-46.61,0.32945004,-0.03339,0.045300003,-0.879796,0.451867,0.147565,0.416333,0.582678,0.697963,0.229404,0.675501,-0.700765,False,True,S1,True
S7_T2,1544824287.44,63.68,-128.1,46.53,-114.75,65.85,39.37,-46.61,0.33052,-0.03389,0.04473,-0.878467,0.4497,0.16145,0.424998,0.581013,0.694118,0.218341,0.678376,-0.701523,False,True,S1,True
S7_T2,1544824287.44,63.68,-128.1,46.53,-114.75,65.85,39.37,-46.61,0.33052,-0.03389,0.04473,-0.878467,0.4497,0.16145,0.424998,0.581013,0.694118,0.218341,0.678376,-0.701523,False,True,S1,True
S7_T2,1544824287.44,63.68,-128.1,46.53,-114.75,65.85,39.37,-46.61,0.33052,-0.03389,0.04473,-0.878467,0.4497,0.16145,0.424998,0.581013,0.694118,0.218341,0.678376,-0.701523,False,True,S1,True
S7_T2,1544824287.44,63.68,-128.1,46.53,-114.75,65.85,39.37,-46.61,0.33052,-0.03389,0.04473,-0.878467,0.4497,0.16145,0.424998,0.581013,0.694118,0.218341,0.678376,-0.701523,False,True,S1,True
S7_T2,1544824287.62,63.77,-128.09,46.5,-114.87,65.76,39.37,-46.61,0.33371,-0.034390002,0.043870002,-0.87959,0.4439,0.171097,0.428479,0.582946,0.690347,0.206705,0.680534,-0.702955,False,True,S1,True
S7_T2,1544824287.62,63.77,-128.09,46.5,-114.87,65.76,39.37,-46.61,0.33371,-0.034390002,0.043870002,-0.87959,0.4439,0.171097,0.428479,0.582946,0.690347,0.206705,0.680534,-0.702955,False,True,S1,True
S7_T2,1544824287.71,64.23,-127.95,46.22,-115.37,65.29,39.36,-46.61,0.33523002,-0.03471,0.04323,-0.87984,0.442839,0.172556,0.428985,0.583679,0.689413,0.204582,0.680597,-0.703516,False,True,S1,True
S7_T2,1544824287.71,64.23,-127.95,46.22,-115.37,65.29,39.36,-46.61,0.33523002,-0.03471,0.04323,-0.87984,0.442839,0.172556,0.428985,0.583679,0.689413,0.204582,0.680597,-0.703516,False,True,S1,True
S7_T2,1544824287.71,64.23,-127.95,46.22,-115.37,65.29,39.36,-46.61,0.33523002,-0.03471,0.04323,-0.87984,0.442839,0.172556,0.428985,0.583679,0.689413,0.204582,0.680597,-0.703516,False,True,S1,True
S7_T2,1544824287.84,64.35,-127.9,46.05,-115.62,64.68,39.24,-46.61,0.33872002,-0.035910003,0.04261,-0.878852,0.438569,0.187818,0.437027,0.582126,0.685664,0.191377,0.68468,-0.70327,False,True,S1,True
S7_T2,1544824287.84,64.35,-127.9,46.05,-115.62,64.68,39.24,-46.61,0.33872002,-0.035910003,0.04261,-0.878852,0.438569,0.187818,0.437027,0.582126,0.685664,0.191377,0.68468,-0.70327,False,True,S1,True
S7_T2,1544824287.98,64.38,-127.87,45.94,-115.82,64.26,39.14,-46.61,0.33938003,-0.036980003,0.04145,-0.878947,0.43477,0.196031,0.440913,0.584093,0.681492,0.181792,0.685428,-0.705082,False,True,S1,True
S7_T2,1544824287.98,64.38,-127.87,45.94,-115.82,64.26,39.14,-46.61,0.33938003,-0.036980003,0.04145,-0.878947,0.43477,0.196031,0.440913,0.584093,0.681492,0.181792,0.685428,-0.705082,False,True,S1,True
S7_T2,1544824287.98,64.38,-127.87,45.94,-115.82,64.26,39.14,-46.61,0.33938003,-0.036980003,0.04145,-0.878947,0.43477,0.196031,0.440913,0.584093,0.681492,0.181792,0.685428,-0.705082,False,True,S1,True
S7_T2,1544824288.08,63.94,-127.97,45.91,-116.17,63.56,38.82,-46.61,0.33901003,-0.0373,0.04097,-0.878947,0.43477,0.196031,0.440913,0.584093,0.681492,0.181792,0.685428,-0.705082,False,True,S1,True
S7_T2,1544824288.2,63.94,-127.97,45.9,-116.72,63.4,38.67,-46.61,0.33974,-0.038720004,0.03887,-0.882554,0.425078,0.201014,0.440214,0.596699,0.670941,0.165258,0.680631,-0.713745,False,True,S1,True
S7_T2,1544824288.2,63.94,-127.97,45.9,-116.72,63.4,38.67,-46.61,0.33974,-0.038720004,0.03887,-0.882554,0.425078,0.201014,0.440214,0.596699,0.670941,0.165258,0.680631,-0.713745,False,True,S1,True
S7_T2,1544824288.2,63.94,-127.97,45.9,-116.72,63.4,38.67,-46.61,0.33974,-0.038720004,0.03887,-0.882554,0.425078,0.201014,0.440214,0.596699,0.670941,0.165258,0.680631,-0.713745,False,True,S1,True
S7_T2,1544824288.31,63.98,-127.97,45.81,-117.56,63.13,38.42,-46.61,0.34031,-0.03935,0.0373,-0.883576,0.42134,0.204369,0.440879,0.601346,0.66634,0.157859,0.678864,-0.717094,False,True,S1,True
S7_T2,1544824288.31,63.98,-127.97,45.81,-117.56,63.13,38.42,-46.61,0.34031,-0.03935,0.0373,-0.883576,0.42134,0.204369,0.440879,0.601346,0.66634,0.157859,0.678864,-0.717094,False,True,S1,True
S7_T2,1544824288.42,64.3,-127.92,45.74,-118.31,63.22,38.38,-46.61,0.34170002,-0.040260002,0.035720002,-0.885227,0.417394,0.20532,0.43979,0.607222,0.661715,0.151521,0.676065,-0.721094,False,True,S1,True
S7_T2,1544824288.42,64.3,-127.92,45.74,-118.31,63.22,38.38,-46.61,0.34170002,-0.040260002,0.035720002,-0.885227,0.417394,0.20532,0.43979,0.607222,0.661715,0.151521,0.676065,-0.721094,False,True,S1,True
S7_T2,1544824288.55,64.31,-127.91,45.73,-118.34,63.22,38.37,-46.61,0.34159002,-0.04046,0.0353,-0.888013,0.412323,0.203527,0.43602,0.614521,0.657457,0.146013,0.672572,-0.725484,False,True,S1,True
S7_T2,1544824288.55,64.31,-127.91,45.73,-118.34,63.22,38.37,-46.61,0.34159002,-0.04046,0.0353,-0.888013,0.412323,0.203527,0.43602,0.614521,0.657457,0.146013,0.672572,-0.725484,False,True,S1,True
S7_T2,1544824288.66,64.36,-127.98,45.59,-119.35,63.45,37.8,-46.61,0.33966002,-0.04085,0.03181,-0.891902,0.406089,0.199007,0.429563,0.623189,0.653537,0.141375,0.668377,-0.730264,False,True,S1,True
S7_T2,1544824288.66,64.36,-127.98,45.59,-119.35,63.45,37.8,-46.61,0.33966002,-0.04085,0.03181,-0.891902,0.406089,0.199007,0.429563,0.623189,0.653537,0.141375,0.668377,-0.730264,False,True,S1,True
S7_T2,1544824288.66,64.36,-127.98,45.59,-119.35,63.45,37.8,-46.61,0.33966002,-0.04085,0.03181,-0.891902,0.406089,0.199007,0.429563,0.623189,0.653537,0.141375,0.668377,-0.730264,False,True,S1,True
S7_T2,1544824288.8,64.48,-127.98,45.42,-119.38,63.45,37.64,-46.61,0.33946002,-0.040370002,0.029500002,-0.894633,0.401301,0.196442,0.424719,0.627302,0.652768,0.138728,0.66742,-0.731645,False,True,S1,True
S7_T2,1544824288.8,64.48,-127.98,45.42,-119.38,63.45,37.64,-46.61,0.33946002,-0.040370002,0.029500002,-0.894633,0.401301,0.196442,0.424719,0.627302,0.652768,0.138728,0.66742,-0.731645,False,True,S1,True
S7_T2,1544824288.9,64.74,-127.93,45.05,-119.44,63.45,37.26,-46.61,0.3395,-0.04029,0.029040003,-0.895499,0.39968,0.195799,0.423109,0.628046,0.653099,0.13806,0.667694,-0.731522,False,True,S1,True
S7_T2,1544824288.9,64.74,-127.93,45.05,-119.44,63.45,37.26,-46.61,0.3395,-0.04029,0.029040003,-0.895499,0.39968,0.195799,0.423109,0.628046,0.653099,0.13806,0.667694,-0.731522,False,True,S1,True
S7_T2,1544824289.04,64.71,-128.02,45.06,-120.06,62.79,37.22,-46.61,0.34051004,-0.039610002,0.0284,-0.895226,0.396694,0.202987,0.425976,0.628099,0.65118,0.130823,0.669421,-0.731273,False,True,S1,True
S7_T2,1544824289.04,64.71,-128.02,45.06,-120.06,62.79,37.22,-46.61,0.34051004,-0.039610002,0.0284,-0.895226,0.396694,0.202987,0.425976,0.628099,0.65118,0.130823,0.669421,-0.731273,False,True,S1,True
S7_T2,1544824289.04,64.71,-128.02,45.06,-120.06,62.79,37.22,-46.61,0.34051004,-0.039610002,0.0284,-0.895226,0.396694,0.202987,0.425976,0.628099,0.65118,0.130823,0.669421,-0.731273,False,True,S1,True
S7_T2,1544824289.19,64.6,-128.04,45.1,-120.38,62.53,37.05,-46.61,0.34136,-0.040810004,0.0274,-0.898697,0.380897,0.217397,0.425751,0.638728,0.640908,0.105262,0.668539,-0.73619,False,True,S1,True
S7_T2,1544824289.19,64.6,-128.04,45.1,-120.38,62.53,37.05,-46.61,0.34136,-0.040810004,0.0274,-0.898697,0.380897,0.217397,0.425751,0.638728,0.640908,0.105262,0.668539,-0.73619,False,True,S1,True
S7_T2,1544824289.32,64.33,-128.1,45.2,-121.21,61.79,36.58,-46.61,0.34162,-0.041200005,0.02705,-0.898697,0.380897,0.217397,0.425751,0.638728,0.640908,0.105262,0.668539,-0.73619,False,True,S1,True
S7_T2,1544824289.32,64.33,-128.1,45.2,-121.21,61.79,36.58,-46.61,0.34162,-0.041200005,0.02705,-0.898697,0.380897,0.217397,0.425751,0.638728,0.640908,0.105262,0.668539,-0.73619,False,True,S1,True
S7_T2,1544824289.44,64.37,-128.06,44.8,-121.26,60.91,36.0,-46.61,0.34397003,-0.04214,0.025870003,-0.898657,0.37465,0.228151,0.428393,0.637763,0.640108,0.09431,0.672976,-0.733628,False,True,S1,True
S7_T2,1544824289.44,64.37,-128.06,44.8,-121.26,60.91,36.0,-46.61,0.34397003,-0.04214,0.025870003,-0.898657,0.37465,0.228151,0.428393,0.637763,0.640108,0.09431,0.672976,-0.733628,False,True,S1,True
S7_T2,1544824289.44,64.37,-128.06,44.8,-121.26,60.91,36.0,-46.61,0.34397003,-0.04214,0.025870003,-0.898657,0.37465,0.228151,0.428393,0.637763,0.640108,0.09431,0.672976,-0.733628,False,True,S1,True
S7_T2,1544824289.56,64.29,-128.07,44.75,-121.29,60.56,35.99,-46.61,0.34483,-0.04207,0.026040003,-0.896337,0.37443,0.237449,0.434261,0.633378,0.640508,0.08943,0.677225,-0.73032,False,True,S1,True
S7_T2,1544824289.67,64.14,-128.12,44.69,-121.35,60.01,35.95,-46.61,0.34483,-0.04214,0.02588,-0.896337,0.37443,0.237449,0.434261,0.633378,0.640508,0.08943,0.677225,-0.73032,False,True,S1,True
S7_T2,1544824289.67,64.14,-128.12,44.69,-121.35,60.01,35.95,-46.61,0.34483,-0.04214,0.02588,-0.896337,0.37443,0.237449,0.434261,0.633378,0.640508,0.08943,0.677225,-0.73032,False,True,S1,True
S7_T2,1544824289.8,64.09,-128.12,44.58,-121.64,59.68,35.89,-46.61,0.3458,-0.043730002,0.024370002,-0.894605,0.374106,0.244389,0.439324,0.636336,0.634091,0.081703,0.674627,-0.733623,False,True,S1,True
S7_T2,1544824289.8,64.09,-128.12,44.58,-121.64,59.68,35.89,-46.61,0.3458,-0.043730002,0.024370002,-0.894605,0.374106,0.244389,0.439324,0.636336,0.634091,0.081703,0.674627,-0.733623,False,True,S1,True
S7_T2,1544824289.91,64.06,-128.11,44.46,-121.85,59.46,35.83,-46.61,0.34593,-0.044110004,0.023950001,-0.895474,0.371483,0.245209,0.438054,0.63776,0.633538,0.078964,0.674732,-0.733827,False,True,S1,True
S7_T2,1544824289.91,64.06,-128.11,44.46,-121.85,59.46,35.83,-46.61,0.34593,-0.044110004,0.023950001,-0.895474,0.371483,0.245209,0.438054,0.63776,0.633538,0.078964,0.674732,-0.733827,False,True,S1,True
S7_T2,1544824290.01,64.07,-128.18,45.01,-124.16,59.22,36.54,-46.61,0.3474,-0.045060005,0.02242,-0.895733,0.364564,0.254472,0.440715,0.652656,0.616287,0.058593,0.664179,-0.745274,False,True,S1,True
S7_T2,1544824290.01,64.07,-128.18,45.01,-124.16,59.22,36.54,-46.61,0.3474,-0.045060005,0.02242,-0.895733,0.364564,0.254472,0.440715,0.652656,0.616287,0.058593,0.664179,-0.745274,False,True,S1,True
S7_T2,1544824290.12,64.09,-128.2,45.05,-124.3,59.2,36.58,-46.61,0.34758002,-0.04478,0.022410002,-0.896499,0.363275,0.253616,0.439297,0.654553,0.615287,0.057513,0.663017,-0.746392,False,True,S1,True
S7_T2,1544824290.12,64.09,-128.2,45.05,-124.3,59.2,36.58,-46.61,0.34758002,-0.04478,0.022410002,-0.896499,0.363275,0.253616,0.439297,0.654553,0.615287,0.057513,0.663017,-0.746392,False,True,S1,True
S7_T2,1544824290.23,64.57,-128.12,44.75,-124.93,59.47,36.76,-46.61,0.3483,-0.04531,0.01985,-0.897306,0.362486,0.251884,0.437916,0.659393,0.61109,0.055421,0.658639,-0.750416,False,True,S1,True
S7_T2,1544824290.23,64.57,-128.12,44.75,-124.93,59.47,36.76,-46.61,0.3483,-0.04531,0.01985,-0.897306,0.362486,0.251884,0.437916,0.659393,0.61109,0.055421,0.658639,-0.750416,False,True,S1,True
S7_T2,1544824290.23,64.57,-128.12,44.75,-124.93,59.47,36.76,-46.61,0.3483,-0.04531,0.01985,-0.897306,0.362486,0.251884,0.437916,0.659393,0.61109,0.055421,0.658639,-0.750416,False,True,S1,True
S7_T2,1544824290.35,64.6,-128.11,44.7,-124.92,59.49,36.73,-46.61,0.34809002,-0.04554,0.019100001,-0.898657,0.362435,0.247096,0.434829,0.661826,0.610664,0.057792,0.656222,-0.752352,False,True,S1,True
S7_T2,1544824290.45,64.81,-128.08,44.3,-124.7,59.76,36.25,-46.61,0.34750003,-0.045830004,0.0175,-0.899683,0.361507,0.244712,0.432546,0.662518,0.611534,0.058948,0.656036,-0.752424,False,True,S1,True
S7_T2,1544824290.45,64.81,-128.08,44.3,-124.7,59.76,36.25,-46.61,0.34750003,-0.045830004,0.0175,-0.899683,0.361507,0.244712,0.432546,0.662518,0.611534,0.058948,0.656036,-0.752424,False,True,S1,True
S7_T2,1544824290.6,65.0,-128.06,44.2,-124.62,60.05,36.25,-46.61,0.34706002,-0.04521,0.01682,-0.901255,0.361815,0.238388,0.428603,0.663755,0.612968,0.063549,0.654614,-0.753287,False,True,S1,True
S7_T2,1544824290.6,65.0,-128.06,44.2,-124.62,60.05,36.25,-46.61,0.34706002,-0.04521,0.01682,-0.901255,0.361815,0.238388,0.428603,0.663755,0.612968,0.063549,0.654614,-0.753287,False,True,S1,True
S7_T2,1544824290.7,65.08,-128.05,44.15,-124.58,60.15,36.26,-46.61,0.34706002,-0.04509,0.016830001,-0.901071,0.361084,0.240186,0.429257,0.663787,0.612475,0.061722,0.654985,-0.753117,False,True,S1,True
S7_T2,1544824290.7,65.08,-128.05,44.15,-124.58,60.15,36.26,-46.61,0.34706002,-0.04509,0.016830001,-0.901071,0.361084,0.240186,0.429257,0.663787,0.612475,0.061722,0.654985,-0.753117,False,True,S1,True
S7_T2,1544824290.7,65.08,-128.05,44.15,-124.58,60.15,36.26,-46.61,0.34706002,-0.04509,0.016830001,-0.901071,0.361084,0.240186,0.429257,0.663787,0.612475,0.061722,0.654985,-0.753117,False,True,S1,True
S7_T2,1544824290.82,65.0,-128.1,44.33,-124.83,60.13,36.34,-46.61,0.34678,-0.04461,0.01723,-0.901002,0.361433,0.239919,0.429457,0.664944,0.611078,0.061331,0.653618,-0.754336,False,True,S1,True
S7_T2,1544824290.82,65.0,-128.1,44.33,-124.83,60.13,36.34,-46.61,0.34678,-0.04461,0.01723,-0.901002,0.361433,0.239919,0.429457,0.664944,0.611078,0.061331,0.653618,-0.754336,False,True,S1,True
S7_T2,1544824290.82,65.0,-128.1,44.33,-124.83,60.13,36.34,-46.61,0.34678,-0.04461,0.01723,-0.901002,0.361433,0.239919,0.429457,0.664944,0.611078,0.061331,0.653618,-0.754336,False,True,S1,True
S7_T2,1544824290.91,65.0,-128.1,44.32,-124.72,60.14,36.28,-46.61,0.34635,-0.044220004,0.01739,-0.902327,0.360534,0.236263,0.426108,0.663284,0.615213,0.065096,0.655797,-0.752126,False,True,S1,True
S7_T2,1544824291.02,64.99,-128.09,44.22,-124.4,60.25,36.07,-46.61,0.34596002,-0.0443,0.01721,-0.902327,0.360534,0.236263,0.426108,0.663284,0.615213,0.065096,0.655797,-0.752126,False,True,S1,True
S7_T2,1544824291.02,64.99,-128.09,44.22,-124.4,60.25,36.07,-46.61,0.34596002,-0.0443,0.01721,-0.902327,0.360534,0.236263,0.426108,0.663284,0.615213,0.065096,0.655797,-0.752126,False,True,S1,True
S7_T2,1544824291.02,64.99,-128.09,44.22,-124.4,60.25,36.07,-46.61,0.34596002,-0.0443,0.01721,-0.902327,0.360534,0.236263,0.426108,0.663284,0.615213,0.065096,0.655797,-0.752126,False,True,S1,True
S7_T2,1544824291.02,64.99,-128.09,44.22,-124.4,60.25,36.07,-46.61,0.34596002,-0.0443,0.01721,-0.902327,0.360534,0.236263,0.426108,0.663284,0.615213,0.065096,0.655797,-0.752126,False,True,S2,True
S7_T2,1544824291.14,65.0,-128.09,44.21,-124.41,60.25,36.08,-46.61,0.34608,-0.04416,0.017,-0.902037,0.359678,0.238665,0.426908,0.661539,0.616535,0.063868,0.658026,-0.750282,False,True,S2,True
