S7_T3,1544824499.18,-67.33,-120.12,41.84,87.6,83.85,25.98,50.71,0.33081,0.058750004,0.10886001,-0.807539,0.587675,-0.05019,0.375919,0.447248,-0.811575,-0.454495,-0.674246,-0.582088,True,False,NA,NA
S7_T3,1544824499.37,-67.33,-120.12,41.84,87.6,83.85,25.98,50.71,0.33081,0.058750004,0.10886001,-0.807539,0.587675,-0.05019,0.375919,0.447248,-0.811575,-0.454495,-0.674246,-0.582088,True,False,NA,NA
S7_T3,1544824499.46,-67.33,-120.12,41.84,87.6,83.85,25.98,50.71,0.33081,0.058740005,0.10886001,-0.807539,0.587675,-0.05019,0.375919,0.447248,-0.811575,-0.454495,-0.674246,-0.582088,True,False,NA,NA
S7_T3,1544824499.56,-67.33,-120.12,41.84,87.6,83.85,25.98,50.71,0.33081,0.058740005,0.10886001,-0.807539,0.587675,-0.05019,0.375919,0.447248,-0.811575,-0.454495,-0.674246,-0.582088,True,False,NA,NA
S7_T3,1544824499.66,-67.33,-120.12,41.84,87.6,83.85,25.98,50.71,0.33081,0.058750004,0.10886001,-0.807539,0.587675,-0.05019,0.375919,0.447248,-0.811575,-0.454495,-0.674246,-0.582088,True,False,NA,NA
S7_T3,1544824499.74,-67.33,-120.12,41.84,87.6,83.85,25.98,50.71,0.33081,0.058740005,0.10886001,-0.807539,0.587675,-0.05019,0.375919,0.447248,-0.811575,-0.454495,-0.674246,-0.582088,True,False,NA,NA
S7_T3,1544824499.74,-67.33,-120.12,41.84,87.6,83.85,25.98,50.71,0.33081,0.058740005,0.10886001,-0.807539,0.587675,-0.05019,0.375919,0.447248,-0.811575,-0.454495,-0.674246,-0.582088,True,False,NA,NA
S7_T3,1544824499.84,-67.33,-120.12,41.84,87.6,83.85,25.98,50.71,0.33081,0.058740005,0.10886001,-0.807539,0.587675,-0.05019,0.375919,0.447248,-0.811575,-0.454495,-0.674246,-0.582088,True,False,NA,NA
S7_T3,1544824499.93,-67.33,-120.12,41.84,87.6,83.85,25.98,50.71,0.33081,0.058750004,0.10886001,-0.807539,0.587675,-0.05019,0.375919,0.447248,-0.811575,-0.454495,-0.674246,-0.582088,True,False,NA,NA
S7_T3,1544824500.02,-67.33,-120.12,41.84,87.6,83.85,25.98,50.71,0.33081,0.058740005,0.10886001,-0.807539,0.587675,-0.05019,0.375919,0.447248,-0.811575,-0.454495,-0.674246,-0.582088,True,False,NA,NA
S7_T3,1544824500.11,-67.33,-120.12,41.84,87.6,83.85,25.98,50.71,0.33081,0.058740005,0.10886001,-0.807539,0.587675,-0.05019,0.375919,0.447248,-0.811575,-0.454495,-0.674246,-0.582088,True,False,NA,NA
S7_T3,1544824500.21,-67.33,-120.12,41.84,87.6,83.85,25.98,50.71,0.33081,0.058740005,0.10886001,-0.807539,0.587675,-0.05019,0.375919,0.447248,-0.811575,-0.454495,-0.674246,-0.582088,True,False,NA,NA
S7_T3,1544824500.21,-67.33,-120.12,41.84,87.6,83.85,25.98,50.71,0.33081,0.058740005,0.10886001,-0.807539,0.587675,-0.05019,0.375919,0.447248,-0.811575,-0.454495,-0.674246,-0.582088,True,False,NA,NA
S7_T3,1544824500.3,-67.33,-120.12,41.84,87.6,83.85,25.98,50.71,0.33081,0.058750004,0.10886001,-0.807539,0.587675,-0.05019,0.375919,0.447248,-0.811575,-0.454495,-0.674246,-0.582088,True,False,NA,NA
S7_T3,1544824500.39,-67.33,-120.12,41.84,87.6,83.85,25.98,50.71,0.33081,0.058740005,0.10886001,-0.807539,0.587675,-0.05019,0.375919,0.447248,-0.811575,-0.454495,-0.674246,-0.582088,True,False,NA,NA
S7_T3,1544824500.39,-67.33,-120.12,41.84,87.6,83.85,25.98,50.71,0.33081,0.058740005,0.10886001,-0.807539,0.587675,-0.05019,0.375919,0.447248,-0.811575,-0.454495,-0.674246,-0.582088,True,False,NA,NA
S7_T3,1544824500.49,-67.33,-120.12,41.84,87.6,83.85,25.98,50.71,0.33081,0.058740005,0.10886001,-0.807539,0.587675,-0.05019,0.375919,0.447248,-0.811575,-0.454495,-0.674246,-0.582088,True,False,NA,NA
S7_T3,1544824500.67,-67.33,-120.12,41.84,87.6,83.85,25.98,50.71,0.33081,0.058740005,0.10886001,-0.807539,0.587675,-0.05019,0.375919,0.447248,-0.811575,-0.454495,-0.674246,-0.582088,True,False,NA,NA
S7_T3,1544824500.77,-67.33,-120.12,41.84,87.6,83.85,25.98,50.71,0.33081,0.058740005,0.10886001,-0.807539,0.587675,-0.05019,0.375919,0.447248,-0.811575,-0.454495,-0.674246,-0.582088,True,False,NA,NA
S7_T3,1544824500.77,-67.33,-120.12,41.84,87.6,83.85,25.98,50.71,0.33081,0.058740005,0.10886001,-0.807539,0.587675,-0.05019,0.375919,0.447248,-0.811575,-0.454495,-0.674246,-0.582088,True,False,NA,NA
S7_T3,1544824500.86,-67.33,-120.12,41.84,87.6,83.85,25.98,50.71,0.33081,0.058740005,0.10886001,-0.807539,0.587675,-0.05019,0.375919,0.447248,-0.811575,-0.454495,-0.674246,-0.582088,True,False,NA,NA
S7_T3,1544824500.96,-67.33,-120.12,41.84,87.6,83.85,25.98,50.71,0.33081,0.058740005,0.10886001,-0.807539,0.587675,-0.05019,0.375919,0.447248,-0.811575,-0.454495,-0.674246,-0.582088,True,False,NA,NA
S7_T3,1544824500.96,-67.33,-120.12,41.84,87.6,83.85,25.98,50.71,0.33081,0.058740005,0.10886001,-0.807539,0.587675,-0.05019,0.375919,0.447248,-0.811575,-0.454495,-0.674246,-0.582088,True,False,NA,NA
S7_T3,1544824501.04,-67.33,-120.12,41.84,87.6,83.85,25.98,50.71,0.33081,0.058740005,0.10886001,-0.807539,0.587675,-0.05019,0.375919,0.447248,-0.811575,-0.454495,-0.674246,-0.582088,True,False,NA,NA
S7_T3,1544824501.04,-67.33,-120.12,41.84,87.6,83.85,25.98,50.71,0.33081,0.058740005,0.10886001,-0.807539,0.587675,-0.05019,0.375919,0.447248,-0.811575,-0.454495,-0.674246,-0.582088,True,False,NA,NA
S7_T3,1544824501.14,-67.33,-120.12,41.84,87.6,83.85,25.98,50.71,0.33081,0.058740005,0.10886001,-0.807539,0.587675,-0.05019,0.375919,0.447248,-0.811575,-0.454495,-0.674246,-0.582088,True,False,NA,NA
S7_T3,1544824501.23,-67.33,-120.12,41.84,87.6,83.85,25.98,50.71,0.33081,0.058740005,0.10886001,-0.807539,0.587675,-0.05019,0.375919,0.447248,-0.811575,-0.454495,-0.674246,-0.582088,True,False,NA,NA
S7_T3,1544824501.32,-67.33,-120.12,41.84,87.6,83.85,25.98,50.71,0.33081,0.058740005,0.10886001,-0.807539,0.587675,-0.05019,0.375919,0.447248,-0.811575,-0.454495,-0.674246,-0.582088,True,False,NA,NA
S7_T3,1544824501.41,-67.33,-120.12,41.84,87.6,83.85,25.98,50.71,0.33081,0.058750004,0.10886001,-0.807539,0.587675,-0.05019,0.375919,0.447248,-0.811575,-0.454495,-0.674246,-0.582088,True,False,NA,NA
S7_T3,1544824501.5,-67.33,-120.12,41.84,87.6,83.85,25.98,50.71,0.33081,0.058740005,0.10886001,-0.807539,0.587675,-0.05019,0.375919,0.447248,-0.811575,-0.454495,-0.674246,-0.582088,True,False,NA,NA
S7_T3,1544824501.59,-67.33,-120.12,41.84,87.6,83.85,25.98,50.71,0.33081,0.058740005,0.10886001,-0.807539,0.587675,-0.05019,0.375919,0.447248,-0.811575,-0.454495,-0.674246,-0.582088,True,False,NA,NA
S7_T3,1544824501.69,-67.33,-120.12,41.84,87.6,83.85,25.98,50.71,0.33081,0.058750004,0.10886001,-0.807539,0.587675,-0.05019,0.375919,0.447248,-0.811575,-0.454495,-0.674246,-0.582088,True,False,NA,NA
S7_T3,1544824501.69,-67.33,-120.12,41.84,87.6,83.85,25.98,50.71,0.33081,0.058750004,0.10886001,-0.807539,0.587675,-0.05019,0.375919,0.447248,-0.811575,-0.454495,-0.674246,-0.582088,True,False,NA,NA
S7_T3,1544824501.69,-67.33,-120.12,41.84,87.6,83.85,25.98,50.71,0.33081,0.058750004,0.10886001,-0.807539,0.587675,-0.05019,0.375919,0.447248,-0.811575,-0.454495,-0.674246,-0.582088,True,False,NA,NA
S7_T3,1544824502.23,-67.33,-120.12,41.84,87.6,83.85,25.98,50.71,0.33081,0.058740005,0.10886001,-0.807539,0.587675,-0.05019,0.375919,0.447248,-0.811575,-0.454495,-0.674246,-0.582088,False,False,NA,NA
S7_T3,1544824502.23,-67.33,-120.12,41.84,87.6,83.85,25.98,50.71,0.33081,0.058740005,0.10886001,-0.807539,0.587675,-0.05019,0.375919,0.447248,-0.811575,-0.454495,-0.674246,-0.582088,False,False,NA,NA
S7_T3,1544824502.23,-67.33,-120.12,41.84,87.6,83.85,25.98,50.71,0.33081,0.058740005,0.10886001,-0.807539,0.587675,-0.05019,0.375919,0.447248,-0.811575,-0.454495,-0.674246,-0.582088,False,False,NA,NA
S7_T3,1544824502.23,-67.33,-120.12,41.84,87.6,83.85,25.98,50.71,0.33081,0.058740005,0.10886001,-0.807539,0.587675,-0.05019,0.375919,0.447248,-0.811575,-0.454495,-0.674246,-0.582088,False,False,NA,NA
S7_T3,1544824502.34,-67.33,-120.12,41.84,87.6,83.85,25.98,50.71,0.33081,0.058740005,0.10886001,-0.807539,0.587675,-0.05019,0.375919,0.447248,-0.811575,-0.454495,-0.674246,-0.582088,False,False,NA,NA
S7_T3,1544824502.43,-67.33,-120.12,41.84,87.6,83.85,25.98,50.71,0.33081,0.058740005,0.10886001,-0.807539,0.587675,-0.05019,0.375919,0.447248,-0.811575,-0.454495,-0.674246,-0.582088,False,False,NA,NA
S7_T3,1544824502.53,-67.33,-120.12,41.84,87.6,83.85,25.98,50.71,0.33081,0.058740005,0.10886001,-0.807539,0.587675,-0.05019,0.375919,0.447248,-0.811575,-0.454495,-0.674246,-0.582088,False,False,NA,NA
S7_T3,1544824502.63,-67.33,-120.12,41.84,87.6,83.85,25.98,50.71,0.33081,0.058740005,0.10886001,-0.807539,0.587675,-0.05019,0.375919,0.447248,-0.811575,-0.454495,-0.674246,-0.582088,False,False,NA,NA
S7_T3,1544824502.72,-67.33,-120.12,41.84,87.6,83.85,25.98,50.71,0.33081,0.058740005,0.10886001,-0.807539,0.587675,-0.05019,0.375919,0.447248,-0.811575,-0.454495,-0.674246,-0.582088,False,False,NA,NA
S7_T3,1544824502.81,-67.33,-120.12,41.84,87.6,83.85,25.98,50.71,0.33081,0.058740005,0.10886001,-0.807539,0.587675,-0.05019,0.375919,0.447248,-0.811575,-0.454495,-0.674246,-0.582088,False,False,NA,NA
S7_T3,1544824502.81,-67.33,-120.12,41.84,87.6,83.85,25.98,50.71,0.33081,0.058740005,0.10886001,-0.807539,0.587675,-0.05019,0.375919,0.447248,-0.811575,-0.454495,-0.674246,-0.582088,False,False,NA,NA
S7_T3,1544824502.81,-67.33,-120.12,41.84,87.6,83.85,25.98,50.71,0.33081,0.058740005,0.10886001,-0.807539,0.587675,-0.05019,0.375919,0.447248,-0.811575,-0.454495,-0.674246,-0.582088,False,False,NA,NA
S7_T3,1544824502.91,-67.33,-120.12,41.84,87.6,83.85,25.98,50.71,0.33081,0.058740005,0.10886001,-0.807539,0.587675,-0.05019,0.375919,0.447248,-0.811575,-0.454495,-0.674246,-0.582088,False,False,NA,NA
S7_T3,1544824503.0,-67.33,-120.12,41.84,87.6,83.85,25.98,50.71,0.33081,0.058740005,0.10886001,-0.807539,0.587675,-0.05019,0.375919,0.447248,-0.811575,-0.454495,-0.674246,-0.582088,False,False,NA,NA
S7_T3,1544824503.0,-67.33,-120.12,41.84,87.6,83.85,25.98,50.71,0.33081,0.058740005,0.10886001,-0.807539,0.587675,-0.05019,0.375919,0.447248,-0.811575,-0.454495,-0.674246,-0.582088,False,False,NA,NA
S7_T3,1544824503.1,-67.33,-120.12,41.84,87.6,83.85,25.98,50.71,0.33081,0.058740005,0.10886001,-0.807539,0.587675,-0.05019,0.375919,0.447248,-0.811575,-0.454495,-0.674246,-0.582088,False,False,NA,NA
S7_T3,1544824503.2,-67.33,-120.12,41.84,87.6,83.85,25.98,50.71,0.33081,0.058740005,0.10886001,-0.807539,0.587675,-0.05019,0.375919,0.447248,-0.811575,-0.454495,-0.674246,-0.582088,False,False,NA,NA
S7_T3,1544824503.2,-67.33,-120.12,41.84,87.6,83.85,25.98,50.71,0.33081,0.058740005,0.10886001,-0.807539,0.587675,-0.05019,0.375919,0.447248,-0.811575,-0.454495,-0.674246,-0.582088,False,False,NA,NA
S7_T3,1544824503.28,-67.33,-120.12,41.84,87.6,83.85,25.98,50.71,0.33081,0.058740005,0.10886001,-0.807539,0.587675,-0.05019,0.375919,0.447248,-0.811575,-0.454495,-0.674246,-0.582088,False,False,NA,NA
S7_T3,1544824503.28,-67.33,-120.12,41.84,87.6,83.85,25.98,50.71,0.33081,0.058740005,0.10886001,-0.807539,0.587675,-0.05019,0.375919,0.447248,-0.811575,-0.454495,-0.674246,-0.582088,False,False,NA,NA
S7_T3,1544824503.38,-67.33,-120.12,41.84,87.6,83.85,25.98,50.71,0.33081,0.058740005,0.10886001,-0.807539,0.587675,-0.05019,0.375919,0.447248,-0.811575,-0.454495,-0.674246,-0.582088,False,False,NA,NA
S7_T3,1544824503.38,-67.33,-120.12,41.84,87.6,83.85,25.98,50.71,0.33081,0.058740005,0.10886001,-0.807539,0.587675,-0.05019,0.375919,0.447248,-0.811575,-0.454495,-0.674246,-0.582088,False,False,NA,NA
S7_T3,1544824503.38,-67.33,-120.12,41.84,87.6,83.85,25.98,50.71,0.33081,0.058740005,0.10886001,-0.807539,0.587675,-0.05019,0.375919,0.447248,-0.811575,-0.454495,-0.674246,-0.582088,False,False,NA,NA
S7_T3,1544824503.52,-67.33,-120.12,41.84,87.6,83.85,25.98,50.71,0.33081,0.058740005,0.10886001,-0.807539,0.587675,-0.05019,0.375919,0.447248,-0.811575,-0.454495,-0.674246,-0.582088,False,False,NA,NA
S7_T3,1544824503.52,-67.33,-120.12,41.84,87.6,83.85,25.98,50.71,0.33081,0.058740005,0.10886001,-0.807539,0.587675,-0.05019,0.375919,0.447248,-0.811575,-0.454495,-0.674246,-0.582088,False,False,NA,NA
S7_T3,1544824503.52,-67.33,-120.12,41.84,87.6,83.85,25.98,50.71,0.33081,0.058740005,0.10886001,-0.807539,0.587675,-0.05019,0.375919,0.447248,-0.811575,-0.454495,-0.674246,-0.582088,False,False,NA,NA
S7_T3,1544824503.62,-67.33,-120.12,41.84,87.6,83.85,25.98,50.71,0.33081,0.058740005,0.10886001,-0.807539,0.587675,-0.05019,0.375919,0.447248,-0.811575,-0.454495,-0.674246,-0.582088,False,False,NA,NA
S7_T3,1544824503.62,-67.33,-120.12,41.84,87.6,83.85,25.98,50.71,0.33081,0.058740005,0.10886001,-0.807539,0.587675,-0.05019,0.375919,0.447248,-0.811575,-0.454495,-0.674246,-0.582088,False,False,NA,NA
S7_T3,1544824503.74,-67.32,-120.12,41.86,87.6,83.85,25.97,50.71,0.33076003,0.058700003,0.108940005,-0.807539,0.587675,-0.05019,0.375919,0.447248,-0.811575,-0.454495,-0.674246,-0.582088,False,False,NA,NA
S7_T3,1544824503.74,-67.32,-120.12,41.86,87.6,83.85,25.97,50.71,0.33076003,0.058700003,0.108940005,-0.807539,0.587675,-0.05019,0.375919,0.447248,-0.811575,-0.454495,-0.674246,-0.582088,False,False,NA,NA
S7_T3,1544824503.74,-67.32,-120.12,41.86,87.6,83.85,25.97,50.71,0.33076003,0.058700003,0.108940005,-0.807539,0.587675,-0.05019,0.375919,0.447248,-0.811575,-0.454495,-0.674246,-0.582088,False,False,NA,NA
S7_T3,1544824503.88,-67.32,-120.13,41.85,87.6,83.85,25.95,50.71,0.33087,0.05916,0.10876001,-0.81155,0.582181,-0.049525,0.371844,0.449239,-0.812352,-0.450687,-0.67768,-0.58106,False,False,NA,NA
S7_T3,1544824503.88,-67.32,-120.13,41.85,87.6,83.85,25.95,50.71,0.33087,0.05916,0.10876001,-0.81155,0.582181,-0.049525,0.371844,0.449239,-0.812352,-0.450687,-0.67768,-0.58106,False,False,NA,NA
S7_T3,1544824503.98,-67.32,-120.09,41.67,87.43,83.88,25.78,50.71,0.33092004,0.0593,0.108770005,-0.811979,0.581435,-0.051223,0.372816,0.449108,-0.811979,-0.449108,-0.678406,-0.581435,False,False,NA,NA
S7_T3,1544824503.98,-67.32,-120.09,41.67,87.43,83.88,25.78,50.71,0.33092004,0.0593,0.108770005,-0.811979,0.581435,-0.051223,0.372816,0.449108,-0.811979,-0.449108,-0.678406,-0.581435,False,False,NA,NA
S7_T3,1544824503.98,-67.32,-120.09,41.67,87.43,83.88,25.78,50.71,0.33092004,0.0593,0.108770005,-0.811979,0.581435,-0.051223,0.372816,0.449108,-0.811979,-0.449108,-0.678406,-0.581435,False,False,NA,NA
S7_T3,1544824504.1,-67.34,-120.0,41.29,87.44,84.13,25.81,50.71,0.33117002,0.062110003,0.106860004,-0.815593,0.576199,-0.05294,0.373761,0.454775,-0.808383,-0.441713,-0.679098,-0.586272,False,False,NA,NA
S7_T3,1544824504.1,-67.34,-120.0,41.29,87.44,84.13,25.81,50.71,0.33117002,0.062110003,0.106860004,-0.815593,0.576199,-0.05294,0.373761,0.454775,-0.808383,-0.441713,-0.679098,-0.586272,False,False,NA,NA
S7_T3,1544824504.2,-67.44,-119.83,40.62,87.38,84.59,25.93,50.71,0.33139002,0.065050006,0.10480001,-0.816732,0.574291,-0.056025,0.375619,0.455448,-0.807142,-0.438018,-0.680262,-0.587693,False,False,NA,NA
S7_T3,1544824504.2,-67.44,-119.83,40.62,87.38,84.59,25.93,50.71,0.33139002,0.065050006,0.10480001,-0.816732,0.574291,-0.056025,0.375619,0.455448,-0.807142,-0.438018,-0.680262,-0.587693,False,False,NA,NA
S7_T3,1544824504.2,-67.44,-119.83,40.62,87.38,84.59,25.93,50.71,0.33139002,0.065050006,0.10480001,-0.816732,0.574291,-0.056025,0.375619,0.455448,-0.807142,-0.438018,-0.680262,-0.587693,False,False,NA,NA
S7_T3,1544824504.29,-67.56,-119.77,40.78,87.91,84.86,25.18,50.71,0.33229002,0.067,0.103410006,-0.822064,0.566597,-0.056389,0.37993,0.472064,-0.795493,-0.424104,-0.675369,-0.603334,False,False,NA,NA
S7_T3,1544824504.39,-67.65,-119.73,40.99,88.4,85.03,24.57,50.71,0.33255,0.067370005,0.103190005,-0.823768,0.564058,-0.05696,0.379292,0.473666,-0.794845,-0.421359,-0.676372,-0.604133,False,False,NA,NA
S7_T3,1544824504.39,-67.65,-119.73,40.99,88.4,85.03,24.57,50.71,0.33255,0.067370005,0.103190005,-0.823768,0.564058,-0.05696,0.379292,0.473666,-0.794845,-0.421359,-0.676372,-0.604133,False,False,NA,NA
S7_T3,1544824504.49,-67.65,-119.74,40.99,88.4,85.03,24.57,50.71,0.33254004,0.06735,0.1032,-0.823768,0.564058,-0.05696,0.379292,0.473666,-0.794845,-0.421359,-0.676372,-0.604133,False,False,NA,NA
S7_T3,1544824504.59,-67.65,-119.74,40.99,88.39,85.03,24.57,50.71,0.33254004,0.06734,0.1032,-0.823768,0.564058,-0.05696,0.379292,0.473666,-0.794845,-0.421359,-0.676372,-0.604133,False,False,NA,NA
S7_T3,1544824504.59,-67.65,-119.74,40.99,88.39,85.03,24.57,50.71,0.33254004,0.06734,0.1032,-0.823768,0.564058,-0.05696,0.379292,0.473666,-0.794845,-0.421359,-0.676372,-0.604133,False,False,NA,NA
S7_T3,1544824504.69,-67.65,-119.74,40.99,88.39,85.03,24.57,50.71,0.33253002,0.06734,0.1032,-0.823768,0.564058,-0.05696,0.379292,0.473666,-0.794845,-0.421359,-0.676372,-0.604133,False,False,NA,NA
S7_T3,1544824504.78,-67.65,-119.74,40.99,88.39,85.03,24.57,50.71,0.33253002,0.06735,0.1032,-0.823768,0.564058,-0.05696,0.379292,0.473666,-0.794845,-0.421359,-0.676372,-0.604133,False,False,NA,NA
S7_T3,1544824504.88,-67.65,-119.74,40.99,88.39,85.03,24.57,50.71,0.33253002,0.06735,0.1032,-0.823768,0.564058,-0.05696,0.379292,0.473666,-0.794845,-0.421359,-0.676372,-0.604133,False,False,NA,NA
S7_T3,1544824505.0,-67.65,-119.74,40.99,88.39,85.03,24.57,50.71,0.33253002,0.06735,0.103190005,-0.823768,0.564058,-0.05696,0.379292,0.473666,-0.794845,-0.421359,-0.676372,-0.604133,False,False,NA,NA
S7_T3,1544824505.0,-67.65,-119.74,40.99,88.39,85.03,24.57,50.71,0.33253002,0.06735,0.103190005,-0.823768,0.564058,-0.05696,0.379292,0.473666,-0.794845,-0.421359,-0.676372,-0.604133,False,False,NA,NA
S7_T3,1544824505.12,-67.65,-119.74,40.99,88.39,85.03,24.57,50.71,0.33253002,0.06735,0.103190005,-0.823768,0.564058,-0.05696,0.379292,0.473666,-0.794845,-0.421359,-0.676372,-0.604133,False,False,NA,NA
S7_T3,1544824505.12,-67.65,-119.74,40.99,88.39,85.03,24.57,50.71,0.33253002,0.06735,0.103190005,-0.823768,0.564058,-0.05696,0.379292,0.473666,-0.794845,-0.421359,-0.676372,-0.604133,False,False,NA,NA
S7_T3,1544824505.22,-67.65,-119.74,40.99,88.39,85.03,24.57,50.71,0.33253002,0.06735,0.103190005,-0.823768,0.564058,-0.05696,0.379292,0.473666,-0.794845,-0.421359,-0.676372,-0.604133,False,False,NA,NA
S7_T3,1544824505.22,-67.65,-119.74,40.99,88.39,85.03,24.57,50.71,0.33253002,0.06735,0.103190005,-0.823768,0.564058,-0.05696,0.379292,0.473666,-0.794845,-0.421359,-0.676372,-0.604133,False,False,NA,NA
S7_T3,1544824505.32,-67.65,-119.74,40.98,88.39,85.03,24.57,50.71,0.33262002,0.06738,0.10317,-0.818704,0.571155,-0.059199,0.384485,0.468697,-0.795296,-0.426491,-0.673873,-0.603324,False,False,NA,NA
S7_T3,1544824505.32,-67.65,-119.74,40.98,88.39,85.03,24.57,50.71,0.33262002,0.06738,0.10317,-0.818704,0.571155,-0.059199,0.384485,0.468697,-0.795296,-0.426491,-0.673873,-0.603324,False,False,NA,NA
S7_T3,1544824505.44,-68.18,-119.42,40.29,88.01,85.87,26.56,50.71,0.33307,0.068620004,0.10280001,-0.804159,0.590625,-0.067013,0.4006,0.455211,-0.795174,-0.439145,-0.666291,-0.602667,False,False,NA,NA
S7_T3,1544824505.44,-68.18,-119.42,40.29,88.01,85.87,26.56,50.71,0.33307,0.068620004,0.10280001,-0.804159,0.590625,-0.067013,0.4006,0.455211,-0.795174,-0.439145,-0.666291,-0.602667,False,False,NA,NA
S7_T3,1544824505.59,-68.16,-119.43,40.29,88.02,85.86,26.56,50.71,0.33283,0.069230005,0.10255001,-0.808458,0.585259,-0.062194,0.393149,0.458381,-0.79707,-0.437984,-0.668849,-0.600676,False,False,NA,NA
S7_T3,1544824505.59,-68.16,-119.43,40.29,88.02,85.86,26.56,50.71,0.33283,0.069230005,0.10255001,-0.808458,0.585259,-0.062194,0.393149,0.458381,-0.79707,-0.437984,-0.668849,-0.600676,False,False,NA,NA
S7_T3,1544824505.69,-67.15,-119.74,40.03,87.47,85.13,26.88,50.71,0.33074,0.07134,0.10165001,-0.813974,0.577891,-0.059069,0.384676,0.460028,-0.800249,-0.435283,-0.674104,-0.596751,False,False,NA,NA
S7_T3,1544824505.69,-67.15,-119.74,40.03,87.47,85.13,26.88,50.71,0.33074,0.07134,0.10165001,-0.813974,0.577891,-0.059069,0.384676,0.460028,-0.800249,-0.435283,-0.674104,-0.596751,False,False,NA,NA
S7_T3,1544824505.82,-66.67,-119.89,39.88,87.36,84.6,26.6,50.71,0.32904002,0.071890004,0.099920005,-0.825158,0.562218,-0.054996,0.371871,0.467331,-0.802068,-0.425235,-0.682285,-0.594695,False,False,NA,NA
S7_T3,1544824505.82,-66.67,-119.89,39.88,87.36,84.6,26.6,50.71,0.32904002,0.071890004,0.099920005,-0.825158,0.562218,-0.054996,0.371871,0.467331,-0.802068,-0.425235,-0.682285,-0.594695,False,False,NA,NA
S7_T3,1544824505.82,-66.67,-119.89,39.88,87.36,84.6,26.6,50.71,0.32904002,0.071890004,0.099920005,-0.825158,0.562218,-0.054996,0.371871,0.467331,-0.802068,-0.425235,-0.682285,-0.594695,False,False,NA,NA
S7_T3,1544824505.9,-66.55,-119.94,39.83,87.33,84.47,26.52,50.71,0.32891002,0.07203,0.099580005,-0.826556,0.560075,-0.055864,0.37133,0.468021,-0.801916,-0.422988,-0.683573,-0.594819,False,False,NA,NA
S7_T3,1544824506.01,-66.66,-119.88,39.37,87.1,84.63,26.45,50.71,0.32807,0.07180001,0.09869001,-0.829495,0.555346,-0.059395,0.368716,0.464629,-0.805089,-0.419507,-0.689717,-0.590173,False,False,NA,NA
S7_T3,1544824506.01,-66.66,-119.88,39.37,87.1,84.63,26.45,50.71,0.32807,0.07180001,0.09869001,-0.829495,0.555346,-0.059395,0.368716,0.464629,-0.805089,-0.419507,-0.689717,-0.590173,False,False,NA,NA
S7_T3,1544824506.1,-66.66,-119.88,39.37,87.1,84.63,26.45,50.71,0.32808,0.071820006,0.09866001,-0.829495,0.555346,-0.059395,0.368716,0.464629,-0.805089,-0.419507,-0.689717,-0.590173,False,False,NA,NA
S7_T3,1544824506.1,-66.66,-119.88,39.37,87.1,84.63,26.45,50.71,0.32808,0.071820006,0.09866001,-0.829495,0.555346,-0.059395,0.368716,0.464629,-0.805089,-0.419507,-0.689717,-0.590173,False,False,NA,NA
S7_T3,1544824506.24,-66.26,-119.91,38.09,86.16,83.94,27.36,50.71,0.32653,0.07291001,0.09525,-0.839224,0.540909,-0.05586,0.350997,0.460369,-0.81539,-0.415336,-0.703902,-0.57621,False,False,NA,NA
S7_T3,1544824506.24,-66.26,-119.91,38.09,86.16,83.94,27.36,50.71,0.32653,0.07291001,0.09525,-0.839224,0.540909,-0.05586,0.350997,0.460369,-0.81539,-0.415336,-0.703902,-0.57621,False,False,NA,NA
S7_T3,1544824506.24,-66.26,-119.91,38.09,86.16,83.94,27.36,50.71,0.32653,0.07291001,0.09525,-0.839224,0.540909,-0.05586,0.350997,0.460369,-0.81539,-0.415336,-0.703902,-0.57621,False,False,NA,NA
S7_T3,1544824506.24,-66.26,-119.91,38.09,86.16,83.94,27.36,50.71,0.32653,0.07291001,0.09525,-0.839224,0.540909,-0.05586,0.350997,0.460369,-0.81539,-0.415336,-0.703902,-0.57621,False,False,NA,NA
S7_T3,1544824506.38,-66.2,-119.93,37.82,86.01,83.85,27.54,50.71,0.32633,0.07393,0.09357,-0.841313,0.537656,-0.055849,0.346464,0.457047,-0.819189,-0.414917,-0.708544,-0.570798,False,False,NA,NA
S7_T3,1544824506.38,-66.2,-119.93,37.82,86.01,83.85,27.54,50.71,0.32633,0.07393,0.09357,-0.841313,0.537656,-0.055849,0.346464,0.457047,-0.819189,-0.414917,-0.708544,-0.570798,False,False,NA,NA
S7_T3,1544824506.5,-66.12,-119.78,36.08,85.08,83.55,28.78,50.71,0.32589003,0.07609,0.08991001,-0.846791,0.528909,-0.056566,0.33686,0.45092,-0.826557,-0.411667,-0.718976,-0.560003,False,False,NA,NA
S7_T3,1544824506.5,-66.12,-119.78,36.08,85.08,83.55,28.78,50.71,0.32589003,0.07609,0.08991001,-0.846791,0.528909,-0.056566,0.33686,0.45092,-0.826557,-0.411667,-0.718976,-0.560003,False,False,NA,NA
S7_T3,1544824506.5,-66.12,-119.78,36.08,85.08,83.55,28.78,50.71,0.32589003,0.07609,0.08991001,-0.846791,0.528909,-0.056566,0.33686,0.45092,-0.826557,-0.411667,-0.718976,-0.560003,False,False,NA,NA
S7_T3,1544824506.62,-66.1,-119.67,35.26,84.64,83.44,29.28,50.71,0.32583,0.07773001,0.08793,-0.85028,0.523287,-0.056521,0.332254,0.450362,-0.828723,-0.408205,-0.723425,-0.556798,False,False,NA,NA
S7_T3,1544824506.73,-66.19,-119.49,33.79,83.93,83.57,29.96,50.71,0.32548,0.080350004,0.084680006,-0.856495,0.512692,-0.059696,0.325112,0.446033,-0.833881,-0.400898,-0.733622,-0.548707,False,False,NA,NA
S7_T3,1544824506.73,-66.19,-119.49,33.79,83.93,83.57,29.96,50.71,0.32548,0.080350004,0.084680006,-0.856495,0.512692,-0.059696,0.325112,0.446033,-0.833881,-0.400898,-0.733622,-0.548707,False,False,NA,NA
S7_T3,1544824506.84,-66.3,-119.37,32.95,83.53,83.66,30.33,50.71,0.32522002,0.081360005,0.083000004,-0.86166,0.503623,-0.062499,0.320479,0.444508,-0.836484,-0.393491,-0.740794,-0.544416,False,False,NA,NA
S7_T3,1544824506.84,-66.3,-119.37,32.95,83.53,83.66,30.33,50.71,0.32522002,0.081360005,0.083000004,-0.86166,0.503623,-0.062499,0.320479,0.444508,-0.836484,-0.393491,-0.740794,-0.544416,False,False,NA,NA
S7_T3,1544824506.94,-66.81,-119.01,31.28,82.75,84.43,29.52,50.71,0.32448003,0.083330005,0.07998001,-0.881878,0.465455,-0.075123,0.305462,0.44268,-0.843047,-0.359145,-0.766411,-0.532568,False,False,NA,NA
S7_T3,1544824506.94,-66.81,-119.01,31.28,82.75,84.43,29.52,50.71,0.32448003,0.083330005,0.07998001,-0.881878,0.465455,-0.075123,0.305462,0.44268,-0.843047,-0.359145,-0.766411,-0.532568,False,False,NA,NA
S7_T3,1544824507.08,-67.25,-118.73,29.92,82.15,85.04,28.93,50.71,0.32404003,0.08494001,0.07732,-0.890871,0.446323,-0.084522,0.299936,0.438213,-0.847353,-0.341154,-0.780234,-0.52426,False,False,NA,NA
S7_T3,1544824507.08,-67.25,-118.73,29.92,82.15,85.04,28.93,50.71,0.32404003,0.08494001,0.07732,-0.890871,0.446323,-0.084522,0.299936,0.438213,-0.847353,-0.341154,-0.780234,-0.52426,False,False,NA,NA
S7_T3,1544824507.08,-67.25,-118.73,29.92,82.15,85.04,28.93,50.71,0.32404003,0.08494001,0.07732,-0.890871,0.446323,-0.084522,0.299936,0.438213,-0.847353,-0.341154,-0.780234,-0.52426,False,False,NA,NA
S7_T3,1544824507.24,-67.99,-118.34,27.73,81.4,86.0,28.65,50.71,0.32322,0.08648001,0.07355001,-0.901125,0.423285,-0.093824,0.292489,0.433775,-0.852226,-0.320036,-0.795405,-0.514692,False,False,NA,NA
S7_T3,1544824507.24,-67.99,-118.34,27.73,81.4,86.0,28.65,50.71,0.32322,0.08648001,0.07355001,-0.901125,0.423285,-0.093824,0.292489,0.433775,-0.852226,-0.320036,-0.795405,-0.514692,False,False,NA,NA
S7_T3,1544824507.24,-67.99,-118.34,27.73,81.4,86.0,28.65,50.71,0.32322,0.08648001,0.07355001,-0.901125,0.423285,-0.093824,0.292489,0.433775,-0.852226,-0.320036,-0.795405,-0.514692,False,False,NA,NA
S7_T3,1544824507.34,-68.46,-118.23,27.21,81.57,86.18,27.96,50.71,0.32307002,0.08502,0.07083,-0.909178,0.403486,-0.10293,0.289751,0.435476,-0.852294,-0.299065,-0.804711,-0.512835,False,False,NA,NA
S7_T3,1544824507.34,-68.46,-118.23,27.21,81.57,86.18,27.96,50.71,0.32307002,0.08502,0.07083,-0.909178,0.403486,-0.10293,0.289751,0.435476,-0.852294,-0.299065,-0.804711,-0.512835,False,False,NA,NA
S7_T3,1544824507.47,-69.4,-118.02,26.12,82.06,86.57,26.58,50.71,0.32253,0.082710005,0.0661,-0.917683,0.380978,-0.112757,0.286409,0.437631,-0.85232,-0.275369,-0.814454,-0.510722,False,False,NA,NA
S7_T3,1544824507.47,-69.4,-118.02,26.12,82.06,86.57,26.58,50.71,0.32253,0.082710005,0.0661,-0.917683,0.380978,-0.112757,0.286409,0.437631,-0.85232,-0.275369,-0.814454,-0.510722,False,False,NA,NA
S7_T3,1544824507.47,-69.4,-118.02,26.12,82.06,86.57,26.58,50.71,0.32253,0.082710005,0.0661,-0.917683,0.380978,-0.112757,0.286409,0.437631,-0.85232,-0.275369,-0.814454,-0.510722,False,False,NA,NA
S7_T3,1544824507.59,-70.22,-117.7,25.01,81.97,87.47,25.01,50.71,0.32283,0.08295,0.06391,-0.93273,0.336597,-0.129297,0.276883,0.438901,-0.854811,-0.230978,-0.833107,-0.502575,False,False,NA,NA
S7_T3,1544824507.59,-70.22,-117.7,25.01,81.97,87.47,25.01,50.71,0.32283,0.08295,0.06391,-0.93273,0.336597,-0.129297,0.276883,0.438901,-0.854811,-0.230978,-0.833107,-0.502575,False,False,NA,NA
S7_T3,1544824507.7,-70.89,-117.44,24.1,81.82,88.13,23.89,50.71,0.32331002,0.082270004,0.06235,-0.93777,0.319444,-0.136171,0.27341,0.437456,-0.856667,-0.214088,-0.840588,-0.497573,False,False,NA,NA
S7_T3,1544824507.7,-70.89,-117.44,24.1,81.82,88.13,23.89,50.71,0.32331002,0.082270004,0.06235,-0.93777,0.319444,-0.136171,0.27341,0.437456,-0.856667,-0.214088,-0.840588,-0.497573,False,False,NA,NA
S7_T3,1544824507.81,-71.84,-117.14,22.81,81.82,88.67,22.91,50.71,0.32386,0.08098001,0.059720006,-0.942322,0.302613,-0.143019,0.270397,0.436429,-0.858146,-0.197269,-0.847322,-0.493082,False,False,NA,NA
S7_T3,1544824507.81,-71.84,-117.14,22.81,81.82,88.67,22.91,50.71,0.32386,0.08098001,0.059720006,-0.942322,0.302613,-0.143019,0.270397,0.436429,-0.858146,-0.197269,-0.847322,-0.493082,False,False,NA,NA
S7_T3,1544824507.92,-72.53,-116.96,22.06,81.83,88.98,21.99,50.71,0.3244,0.07867,0.057470005,-0.948733,0.277098,-0.152062,0.264931,0.434755,-0.860697,-0.172388,-0.856857,-0.485878,False,False,NA,NA
S7_T3,1544824507.92,-72.53,-116.96,22.06,81.83,88.98,21.99,50.71,0.3244,0.07867,0.057470005,-0.948733,0.277098,-0.152062,0.264931,0.434755,-0.860697,-0.172388,-0.856857,-0.485878,False,False,NA,NA
S7_T3,1544824507.92,-72.53,-116.96,22.06,81.83,88.98,21.99,50.71,0.3244,0.07867,0.057470005,-0.948733,0.277098,-0.152062,0.264931,0.434755,-0.860697,-0.172388,-0.856857,-0.485878,False,False,NA,NA
S7_T3,1544824508.06,-73.27,-116.77,21.03,81.7,89.45,21.0,50.71,0.32450002,0.07698001,0.05562,-0.954411,0.252251,-0.159593,0.258391,0.430492,-0.864819,-0.149448,-0.866629,-0.476045,False,False,NA,NA
S7_T3,1544824508.06,-73.27,-116.77,21.03,81.7,89.45,21.0,50.71,0.32450002,0.07698001,0.05562,-0.954411,0.252251,-0.159593,0.258391,0.430492,-0.864819,-0.149448,-0.866629,-0.476045,False,False,NA,NA
S7_T3,1544824508.2,-73.52,-116.68,20.58,81.54,89.61,20.8,50.71,0.32514003,0.07726,0.054830004,-0.957825,0.236167,-0.163698,0.252742,0.421338,-0.870974,-0.136724,-0.875614,-0.463257,False,False,NA,NA
S7_T3,1544824508.2,-73.52,-116.68,20.58,81.54,89.61,20.8,50.71,0.32514003,0.07726,0.054830004,-0.957825,0.236167,-0.163698,0.252742,0.421338,-0.870974,-0.136724,-0.875614,-0.463257,False,False,NA,NA
S7_T3,1544824508.31,-73.91,-116.43,19.45,80.88,89.97,20.8,50.71,0.32534,0.07732,0.054750003,-0.957825,0.236167,-0.163698,0.252742,0.421338,-0.870974,-0.136724,-0.875614,-0.463257,False,False,NA,NA
S7_T3,1544824508.31,-73.91,-116.43,19.45,80.88,89.97,20.8,50.71,0.32534,0.07732,0.054750003,-0.957825,0.236167,-0.163698,0.252742,0.421338,-0.870974,-0.136724,-0.875614,-0.463257,False,False,NA,NA
S7_T3,1544824508.4,-74.31,-116.2,18.12,80.32,90.5,20.94,50.71,0.32543,0.07923001,0.05273,-0.961996,0.214194,-0.169363,0.245767,0.408868,-0.878877,-0.119003,-0.887101,-0.445971,False,False,NA,NA
S7_T3,1544824508.4,-74.31,-116.2,18.12,80.32,90.5,20.94,50.71,0.32543,0.07923001,0.05273,-0.961996,0.214194,-0.169363,0.245767,0.408868,-0.878877,-0.119003,-0.887101,-0.445971,False,False,NA,NA
S7_T3,1544824508.49,-74.87,-115.84,16.21,79.43,91.3,21.19,50.71,0.32559,0.08084,0.051400006,-0.963883,0.202599,-0.172869,0.242899,0.402535,-0.882591,-0.109227,-0.892703,-0.437207,False,False,NA,NA
S7_T3,1544824508.58,-74.89,-115.83,16.17,79.4,91.33,21.19,50.71,0.32556,0.080740005,0.05143,-0.963883,0.202599,-0.172869,0.242899,0.402535,-0.882591,-0.109227,-0.892703,-0.437207,False,False,NA,NA
S7_T3,1544824508.67,-74.89,-115.83,16.17,79.41,91.32,21.19,50.71,0.32554004,0.08075,0.051400006,-0.963883,0.202599,-0.172869,0.242899,0.402535,-0.882591,-0.109227,-0.892703,-0.437207,False,False,NA,NA
S7_T3,1544824508.67,-74.89,-115.83,16.17,79.41,91.32,21.19,50.71,0.32554004,0.08075,0.051400006,-0.963883,0.202599,-0.172869,0.242899,0.402535,-0.882591,-0.109227,-0.892703,-0.437207,False,False,NA,NA
S7_T3,1544824508.76,-74.89,-115.83,16.17,79.41,91.32,21.19,50.71,0.32554004,0.08077,0.051400006,-0.963883,0.202599,-0.172869,0.242899,0.402535,-0.882591,-0.109227,-0.892703,-0.437207,False,False,NA,NA
S7_T3,1544824508.85,-74.89,-115.83,16.17,79.41,91.32,21.19,50.71,0.32554004,0.08077,0.051400006,-0.963883,0.202599,-0.172869,0.242899,0.402535,-0.882591,-0.109227,-0.892703,-0.437207,False,False,NA,NA
S7_T3,1544824508.85,-74.89,-115.83,16.17,79.41,91.32,21.19,50.71,0.32554004,0.08077,0.051400006,-0.963883,0.202599,-0.172869,0.242899,0.402535,-0.882591,-0.109227,-0.892703,-0.437207,False,False,NA,NA
S7_T3,1544824508.95,-74.89,-115.83,16.17,79.41,91.32,21.19,50.71,0.32554004,0.08077,0.051400006,-0.963883,0.202599,-0.172869,0.242899,0.402535,-0.882591,-0.109227,-0.892703,-0.437207,False,False,NA,NA
S7_T3,1544824509.03,-74.89,-115.83,16.17,79.41,91.32,21.19,50.71,0.32554004,0.08077,0.051400006,-0.963883,0.202599,-0.172869,0.242899,0.402535,-0.882591,-0.109227,-0.892703,-0.437207,False,False,NA,NA
S7_T3,1544824509.12,-74.89,-115.83,16.17,79.41,91.32,21.19,50.71,0.32554004,0.08077,0.051400006,-0.963883,0.202599,-0.172869,0.242899,0.402535,-0.882591,-0.109227,-0.892703,-0.437207,False,False,NA,NA
S7_T3,1544824509.12,-74.89,-115.83,16.17,79.41,91.32,21.19,50.71,0.32554004,0.08077,0.051400006,-0.963883,0.202599,-0.172869,0.242899,0.402535,-0.882591,-0.109227,-0.892703,-0.437207,False,False,NA,NA
S7_T3,1544824509.22,-74.89,-115.83,16.17,79.41,91.32,21.19,50.71,0.32554004,0.08076001,0.051400006,-0.963883,0.202599,-0.172869,0.242899,0.402535,-0.882591,-0.109227,-0.892703,-0.437207,False,False,NA,NA
S7_T3,1544824509.31,-74.89,-115.83,16.17,79.41,91.32,21.19,50.71,0.32554004,0.08076001,0.051400006,-0.963883,0.202599,-0.172869,0.242899,0.402535,-0.882591,-0.109227,-0.892703,-0.437207,False,False,NA,NA
S7_T3,1544824509.31,-74.89,-115.83,16.17,79.41,91.32,21.19,50.71,0.32554004,0.08076001,0.051400006,-0.963883,0.202599,-0.172869,0.242899,0.402535,-0.882591,-0.109227,-0.892703,-0.437207,False,False,NA,NA
S7_T3,1544824509.44,-74.89,-115.83,16.17,79.41,91.32,21.19,50.71,0.32554004,0.08076001,0.051400006,-0.963883,0.202599,-0.172869,0.242899,0.402535,-0.882591,-0.109227,-0.892703,-0.437207,False,False,NA,NA
S7_T3,1544824509.44,-74.89,-115.83,16.17,79.41,91.32,21.19,50.71,0.32554004,0.08076001,0.051400006,-0.963883,0.202599,-0.172869,0.242899,0.402535,-0.882591,-0.109227,-0.892703,-0.437207,False,False,NA,NA
S7_T3,1544824509.44,-74.89,-115.83,16.17,79.41,91.32,21.19,50.71,0.32554004,0.08076001,0.051400006,-0.963883,0.202599,-0.172869,0.242899,0.402535,-0.882591,-0.109227,-0.892703,-0.437207,False,False,NA,NA
S7_T3,1544824509.56,-74.89,-115.83,16.17,79.41,91.32,21.19,50.71,0.32554004,0.08076001,0.051400006,-0.963883,0.202599,-0.172869,0.242899,0.402535,-0.882591,-0.109227,-0.892703,-0.437207,False,False,NA,NA
S7_T3,1544824509.56,-74.89,-115.83,16.17,79.41,91.32,21.19,50.71,0.32554004,0.08076001,0.051400006,-0.963883,0.202599,-0.172869,0.242899,0.402535,-0.882591,-0.109227,-0.892703,-0.437207,False,False,NA,NA
S7_T3,1544824509.71,-74.89,-115.83,16.17,79.41,91.32,21.19,50.71,0.32554004,0.08076001,0.051400006,-0.963883,0.202599,-0.172869,0.242899,0.402535,-0.882591,-0.109227,-0.892703,-0.437207,False,False,NA,NA
S7_T3,1544824509.71,-74.89,-115.83,16.17,79.41,91.32,21.19,50.71,0.32554004,0.08076001,0.051400006,-0.963883,0.202599,-0.172869,0.242899,0.402535,-0.882591,-0.109227,-0.892703,-0.437207,False,False,NA,NA
S7_T3,1544824509.84,-74.19,-116.11,16.49,79.01,90.55,21.75,50.71,0.32423002,0.081420004,0.051630005,-0.965282,0.204449,-0.162576,0.234188,0.401688,-0.885326,-0.115699,-0.892663,-0.435622,False,False,NA,NA
S7_T3,1544824509.84,-74.19,-116.11,16.49,79.01,90.55,21.75,50.71,0.32423002,0.081420004,0.051630005,-0.965282,0.204449,-0.162576,0.234188,0.401688,-0.885326,-0.115699,-0.892663,-0.435622,False,False,NA,NA
S7_T3,1544824509.94,-74.11,-116.15,16.46,78.95,90.49,21.8,50.71,0.32413003,0.08154,0.0518,-0.967875,0.195296,-0.158358,0.225294,0.394015,-0.891064,-0.111626,-0.898115,-0.425357,False,False,NA,NA
S7_T3,1544824509.94,-74.11,-116.15,16.46,78.95,90.49,21.8,50.71,0.32413003,0.08154,0.0518,-0.967875,0.195296,-0.158358,0.225294,0.394015,-0.891064,-0.111626,-0.898115,-0.425357,False,False,NA,NA
S7_T3,1544824509.94,-74.11,-116.15,16.46,78.95,90.49,21.8,50.71,0.32413003,0.08154,0.0518,-0.967875,0.195296,-0.158358,0.225294,0.394015,-0.891064,-0.111626,-0.898115,-0.425357,False,False,NA,NA
S7_T3,1544824510.06,-73.95,-116.11,15.49,77.85,90.55,22.16,50.71,0.32336,0.08273001,0.05194,-0.969252,0.189026,-0.157545,0.221349,0.390053,-0.893792,-0.107499,-0.901181,-0.4199,False,False,NA,NA
S7_T3,1544824510.06,-73.95,-116.11,15.49,77.85,90.55,22.16,50.71,0.32336,0.08273001,0.05194,-0.969252,0.189026,-0.157545,0.221349,0.390053,-0.893792,-0.107499,-0.901181,-0.4199,False,False,NA,NA
S7_T3,1544824510.06,-73.95,-116.11,15.49,77.85,90.55,22.16,50.71,0.32336,0.08273001,0.05194,-0.969252,0.189026,-0.157545,0.221349,0.390053,-0.893792,-0.107499,-0.901181,-0.4199,False,False,NA,NA
S7_T3,1544824510.21,-74.26,-115.87,14.21,76.79,91.13,23.0,50.71,0.32403,0.08398001,0.05301,-0.969762,0.18547,-0.158626,0.218372,0.369209,-0.903326,-0.108974,-0.910651,-0.398546,False,False,NA,NA
S7_T3,1544824510.21,-74.26,-115.87,14.21,76.79,91.13,23.0,50.71,0.32403,0.08398001,0.05301,-0.969762,0.18547,-0.158626,0.218372,0.369209,-0.903326,-0.108974,-0.910651,-0.398546,False,False,NA,NA
S7_T3,1544824510.31,-74.38,-115.79,13.84,76.53,91.28,23.21,50.71,0.32416,0.083960004,0.052890003,-0.97018,0.182178,-0.159882,0.217473,0.362957,-0.906073,-0.107036,-0.913823,-0.391753,False,False,NA,NA
S7_T3,1544824510.31,-74.38,-115.79,13.84,76.53,91.28,23.21,50.71,0.32416,0.083960004,0.052890003,-0.97018,0.182178,-0.159882,0.217473,0.362957,-0.906073,-0.107036,-0.913823,-0.391753,False,False,NA,NA
S7_T3,1544824510.42,-74.96,-115.49,12.4,75.71,92.07,23.67,50.71,0.32448003,0.08434,0.05294,-0.970539,0.177345,-0.163106,0.217395,0.352633,-0.910159,-0.103895,-0.918803,-0.380798,False,False,NA,NA
S7_T3,1544824510.42,-74.96,-115.49,12.4,75.71,92.07,23.67,50.71,0.32448003,0.08434,0.05294,-0.970539,0.177345,-0.163106,0.217395,0.352633,-0.910159,-0.103895,-0.918803,-0.380798,False,False,NA,NA
S7_T3,1544824510.52,-74.96,-115.49,12.39,75.72,92.07,23.67,50.71,0.32445002,0.08439001,0.0527,-0.970498,0.175992,-0.164802,0.218295,0.351152,-0.910516,-0.102373,-0.91963,-0.379211,False,False,NA,NA
S7_T3,1544824510.52,-74.96,-115.49,12.39,75.72,92.07,23.67,50.71,0.32445002,0.08439001,0.0527,-0.970498,0.175992,-0.164802,0.218295,0.351152,-0.910516,-0.102373,-0.91963,-0.379211,False,False,NA,NA
S7_T3,1544824510.52,-74.96,-115.49,12.39,75.72,92.07,23.67,50.71,0.32445002,0.08439001,0.0527,-0.970498,0.175992,-0.164802,0.218295,0.351152,-0.910516,-0.102373,-0.91963,-0.379211,False,False,NA,NA
S7_T3,1544824510.65,-76.05,-114.88,9.47,74.14,93.67,24.85,50.71,0.32560003,0.08614001,0.052990004,-0.971103,0.165595,-0.171863,0.218018,0.32257,-0.921095,-0.097091,-0.931948,-0.349352,False,False,NA,NA
S7_T3,1544824510.65,-76.05,-114.88,9.47,74.14,93.67,24.85,50.71,0.32560003,0.08614001,0.052990004,-0.971103,0.165595,-0.171863,0.218018,0.32257,-0.921095,-0.097091,-0.931948,-0.349352,False,False,NA,NA
S7_T3,1544824510.76,-76.09,-114.86,9.39,74.11,93.71,24.89,50.71,0.32542002,0.0864,0.05317,-0.971944,0.159994,-0.172414,0.215274,0.309735,-0.926132,-0.094773,-0.937265,-0.335488,False,False,NA,NA
S7_T3,1544824510.76,-76.09,-114.86,9.39,74.11,93.71,24.89,50.71,0.32542002,0.0864,0.05317,-0.971944,0.159994,-0.172414,0.215274,0.309735,-0.926132,-0.094773,-0.937265,-0.335488,False,False,NA,NA
S7_T3,1544824510.76,-76.09,-114.86,9.39,74.11,93.71,24.89,50.71,0.32542002,0.0864,0.05317,-0.971944,0.159994,-0.172414,0.215274,0.309735,-0.926132,-0.094773,-0.937265,-0.335488,False,False,NA,NA
S7_T3,1544824510.9,-76.75,-114.46,6.88,72.33,95.11,26.16,50.71,0.32523003,0.087780006,0.054380003,-0.972631,0.152573,-0.175242,0.213468,0.288919,-0.933251,-0.091758,-0.945118,-0.313581,False,False,NA,NA
S7_T3,1544824510.9,-76.75,-114.46,6.88,72.33,95.11,26.16,50.71,0.32523003,0.087780006,0.054380003,-0.972631,0.152573,-0.175242,0.213468,0.288919,-0.933251,-0.091758,-0.945118,-0.313581,False,False,NA,NA
S7_T3,1544824511.02,-76.39,-114.63,7.54,72.33,94.79,25.87,50.71,0.32424,0.08698001,0.055950005,-0.973301,0.153774,-0.17041,0.209761,0.294437,-0.932366,-0.093199,-0.943218,-0.318832,False,False,NA,NA
S7_T3,1544824511.02,-76.39,-114.63,7.54,72.33,94.79,25.87,50.71,0.32424,0.08698001,0.055950005,-0.973301,0.153774,-0.17041,0.209761,0.294437,-0.932366,-0.093199,-0.943218,-0.318832,False,False,NA,NA
S7_T3,1544824511.12,-75.47,-115.1,9.12,72.31,93.95,25.1,50.71,0.32244003,0.08581,0.057940003,-0.974197,0.150827,-0.167903,0.206719,0.297661,-0.932022,-0.090596,-0.942682,-0.32116,False,False,NA,NA
S7_T3,1544824511.12,-75.47,-115.1,9.12,72.31,93.95,25.1,50.71,0.32244003,0.08581,0.057940003,-0.974197,0.150827,-0.167903,0.206719,0.297661,-0.932022,-0.090596,-0.942682,-0.32116,False,False,NA,NA
S7_T3,1544824511.12,-75.47,-115.1,9.12,72.31,93.95,25.1,50.71,0.32244003,0.08581,0.057940003,-0.974197,0.150827,-0.167903,0.206719,0.297661,-0.932022,-0.090596,-0.942682,-0.32116,False,False,NA,NA
