S5_T1,1544814302.45,84.83,-118.53,26.62,-88.3,75.34,14.71,-46.61,0.4088,0.0047500003,0.085030004,-0.986297,0.154343,0.058287,0.117886,0.412137,0.903463,0.115421,0.897954,-0.424684,False,False,NA,NA
S5_T1,1544814302.63,84.83,-118.53,26.62,-88.3,75.34,14.71,-46.61,0.4088,0.0047500003,0.085030004,-0.986297,0.154343,0.058287,0.117886,0.412137,0.903463,0.115421,0.897954,-0.424684,False,False,NA,NA
S5_T1,1544814302.71,84.83,-118.53,26.62,-88.3,75.34,14.71,-46.61,0.4088,0.0047500003,0.085030004,-0.986297,0.154343,0.058287,0.117886,0.412137,0.903463,0.115421,0.897954,-0.424684,False,False,NA,NA
S5_T1,1544814302.8,84.83,-118.53,26.62,-88.3,75.34,14.71,-46.61,0.4088,0.0047500003,0.085030004,-0.986297,0.154343,0.058287,0.117886,0.412137,0.903463,0.115421,0.897954,-0.424684,False,False,NA,NA
S5_T1,1544814302.89,84.83,-118.53,26.62,-88.3,75.34,14.71,-46.61,0.4088,0.0047500003,0.085030004,-0.986297,0.154343,0.058287,0.117886,0.412137,0.903463,0.115421,0.897954,-0.424684,False,False,NA,NA
S5_T1,1544814302.99,84.83,-118.53,26.62,-88.3,75.34,14.71,-46.61,0.4088,0.0047500003,0.085030004,-0.986297,0.154343,0.058287,0.117886,0.412137,0.903463,0.115421,0.897954,-0.424684,False,False,NA,NA
S5_T1,1544814302.99,84.83,-118.53,26.62,-88.3,75.34,14.71,-46.61,0.4088,0.0047500003,0.085030004,-0.986297,0.154343,0.058287,0.117886,0.412137,0.903463,0.115421,0.897954,-0.424684,False,False,NA,NA
S5_T1,1544814303.09,84.83,-118.53,26.62,-88.3,75.34,14.71,-46.61,0.4088,0.0047500003,0.085030004,-0.986297,0.154343,0.058287,0.117886,0.412137,0.903463,0.115421,0.897954,-0.424684,False,False,NA,NA
S5_T1,1544814303.17,84.83,-118.53,26.62,-88.3,75.34,14.71,-46.61,0.4088,0.0047500003,0.085030004,-0.986297,0.154343,0.058287,0.117886,0.412137,0.903463,0.115421,0.897954,-0.424684,False,False,NA,NA
S5_T1,1544814303.17,84.83,-118.53,26.62,-88.3,75.34,14.71,-46.61,0.4088,0.0047500003,0.085030004,-0.986297,0.154343,0.058287,0.117886,0.412137,0.903463,0.115421,0.897954,-0.424684,False,False,NA,NA
S5_T1,1544814303.27,84.83,-118.53,26.62,-88.3,75.34,14.71,-46.61,0.4088,0.0047500003,0.085030004,-0.986297,0.154343,0.058287,0.117886,0.412137,0.903463,0.115421,0.897954,-0.424684,False,False,NA,NA
S5_T1,1544814303.27,84.83,-118.53,26.62,-88.3,75.34,14.71,-46.61,0.4088,0.0047500003,0.085030004,-0.986297,0.154343,0.058287,0.117886,0.412137,0.903463,0.115421,0.897954,-0.424684,False,False,NA,NA
S5_T1,1544814303.36,84.83,-118.53,26.62,-88.3,75.34,14.71,-46.61,0.4088,0.0047500003,0.085030004,-0.986297,0.154343,0.058287,0.117886,0.412137,0.903463,0.115421,0.897954,-0.424684,False,False,NA,NA
S5_T1,1544814303.36,84.83,-118.53,26.62,-88.3,75.34,14.71,-46.61,0.4088,0.0047500003,0.085030004,-0.986297,0.154343,0.058287,0.117886,0.412137,0.903463,0.115421,0.897954,-0.424684,False,False,NA,NA
S5_T1,1544814303.45,84.83,-118.53,26.62,-88.3,75.34,14.71,-46.61,0.4088,0.0047500003,0.085030004,-0.986297,0.154343,0.058287,0.117886,0.412137,0.903463,0.115421,0.897954,-0.424684,False,False,NA,NA
S5_T1,1544814303.54,84.83,-118.53,26.62,-88.3,75.34,14.71,-46.61,0.4088,0.0047500003,0.085030004,-0.986297,0.154343,0.058287,0.117886,0.412137,0.903463,0.115421,0.897954,-0.424684,False,False,NA,NA
S5_T1,1544814303.54,84.83,-118.53,26.62,-88.3,75.34,14.71,-46.61,0.4088,0.0047500003,0.085030004,-0.986297,0.154343,0.058287,0.117886,0.412137,0.903463,0.115421,0.897954,-0.424684,False,False,NA,NA
S5_T1,1544814303.63,84.83,-118.53,26.62,-88.3,75.34,14.71,-46.61,0.4088,0.0047500003,0.085030004,-0.986297,0.154343,0.058287,0.117886,0.412137,0.903463,0.115421,0.897954,-0.424684,False,False,NA,NA
S5_T1,1544814303.72,84.83,-118.53,26.62,-88.3,75.34,14.71,-46.61,0.4088,0.0047500003,0.085030004,-0.986297,0.154343,0.058287,0.117886,0.412137,0.903463,0.115421,0.897954,-0.424684,False,False,NA,NA
S5_T1,1544814303.72,84.83,-118.53,26.62,-88.3,75.34,14.71,-46.61,0.4088,0.0047500003,0.085030004,-0.986297,0.154343,0.058287,0.117886,0.412137,0.903463,0.115421,0.897954,-0.424684,False,False,NA,NA
S5_T1,1544814303.81,84.83,-118.53,26.62,-88.3,75.34,14.71,-46.61,0.4088,0.0047500003,0.085030004,-0.986297,0.154343,0.058287,0.117886,0.412137,0.903463,0.115421,0.897954,-0.424684,False,False,NA,NA
S5_T1,1544814303.81,84.83,-118.53,26.62,-88.3,75.34,14.71,-46.61,0.4088,0.0047500003,0.085030004,-0.986297,0.154343,0.058287,0.117886,0.412137,0.903463,0.115421,0.897954,-0.424684,False,False,NA,NA
S5_T1,1544814303.9,84.83,-118.53,26.62,-88.3,75.34,14.71,-46.61,0.4088,0.0047500003,0.085030004,-0.986297,0.154343,0.058287,0.117886,0.412137,0.903463,0.115421,0.897954,-0.424684,False,False,NA,NA
S5_T1,1544814303.9,84.83,-118.53,26.62,-88.3,75.34,14.71,-46.61,0.4088,0.0047500003,0.085030004,-0.986297,0.154343,0.058287,0.117886,0.412137,0.903463,0.115421,0.897954,-0.424684,False,False,NA,NA
S5_T1,1544814304.0,84.83,-118.53,26.62,-88.3,75.34,14.71,-46.61,0.4088,0.0047500003,0.085030004,-0.986297,0.154343,0.058287,0.117886,0.412137,0.903463,0.115421,0.897954,-0.424684,False,False,NA,NA
S5_T1,1544814304.09,84.83,-118.53,26.62,-88.3,75.34,14.71,-46.61,0.4088,0.0047500003,0.085030004,-0.986297,0.154343,0.058287,0.117886,0.412137,0.903463,0.115421,0.897954,-0.424684,False,False,NA,NA
S5_T1,1544814304.09,84.83,-118.53,26.62,-88.3,75.34,14.71,-46.61,0.4088,0.0047500003,0.085030004,-0.986297,0.154343,0.058287,0.117886,0.412137,0.903463,0.115421,0.897954,-0.424684,False,False,NA,NA
S5_T1,1544814304.18,84.83,-118.53,26.62,-88.3,75.34,14.71,-46.61,0.4088,0.0047500003,0.085030004,-0.986297,0.154343,0.058287,0.117886,0.412137,0.903463,0.115421,0.897954,-0.424684,False,False,NA,NA
S5_T1,1544814304.18,84.83,-118.53,26.62,-88.3,75.34,14.71,-46.61,0.4088,0.0047500003,0.085030004,-0.986297,0.154343,0.058287,0.117886,0.412137,0.903463,0.115421,0.897954,-0.424684,False,False,NA,NA
S5_T1,1544814304.27,84.83,-118.53,26.62,-88.3,75.34,14.71,-46.61,0.4088,0.0047500003,0.085030004,-0.986297,0.154343,0.058287,0.117886,0.412137,0.903463,0.115421,0.897954,-0.424684,False,False,NA,NA
S5_T1,1544814304.36,84.83,-118.53,26.62,-88.3,75.34,14.71,-46.61,0.4088,0.0047500003,0.085030004,-0.986297,0.154343,0.058287,0.117886,0.412137,0.903463,0.115421,0.897954,-0.424684,False,False,NA,NA
S5_T1,1544814304.45,84.83,-118.53,26.62,-88.3,75.34,14.71,-46.61,0.4088,0.0047500003,0.085030004,-0.986297,0.154343,0.058287,0.117886,0.412137,0.903463,0.115421,0.897954,-0.424684,False,False,NA,NA
S5_T1,1544814304.45,84.83,-118.53,26.62,-88.3,75.34,14.71,-46.61,0.4088,0.0047500003,0.085030004,-0.986297,0.154343,0.058287,0.117886,0.412137,0.903463,0.115421,0.897954,-0.424684,False,False,NA,NA
S5_T1,1544814304.54,84.83,-118.53,26.62,-88.3,75.34,14.71,-46.61,0.4088,0.0047500003,0.085030004,-0.986297,0.154343,0.058287,0.117886,0.412137,0.903463,0.115421,0.897954,-0.424684,False,False,NA,NA
S5_T1,1544814304.64,84.83,-118.53,26.62,-88.3,75.34,14.71,-46.61,0.4088,0.0047500003,0.085030004,-0.986297,0.154343,0.058287,0.117886,0.412137,0.903463,0.115421,0.897954,-0.424684,False,False,NA,NA
S5_T1,1544814304.64,84.83,-118.53,26.62,-88.3,75.34,14.71,-46.61,0.4088,0.0047500003,0.085030004,-0.986297,0.154343,0.058287,0.117886,0.412137,0.903463,0.115421,0.897954,-0.424684,False,False,NA,NA
S5_T1,1544814304.72,84.83,-118.53,26.62,-88.3,75.34,14.71,-46.61,0.4088,0.0047500003,0.085030004,-0.986297,0.154343,0.058287,0.117886,0.412137,0.903463,0.115421,0.897954,-0.424684,False,False,NA,NA
S5_T1,1544814304.82,84.83,-118.53,26.62,-88.3,75.34,14.71,-46.61,0.4088,0.0047500003,0.085030004,-0.986297,0.154343,0.058287,0.117886,0.412137,0.903463,0.115421,0.897954,-0.424684,False,False,NA,NA
S5_T1,1544814304.82,84.83,-118.53,26.62,-88.3,75.34,14.71,-46.61,0.4088,0.0047500003,0.085030004,-0.986297,0.154343,0.058287,0.117886,0.412137,0.903463,0.115421,0.897954,-0.424684,False,False,NA,NA
S5_T1,1544814304.9,84.83,-118.53,26.62,-88.3,75.34,14.71,-46.61,0.4088,0.0047500003,0.085030004,-0.986297,0.154343,0.058287,0.117886,0.412137,0.903463,0.115421,0.897954,-0.424684,False,False,NA,NA
S5_T1,1544814304.9,84.83,-118.53,26.62,-88.3,75.34,14.71,-46.61,0.4088,0.0047500003,0.085030004,-0.986297,0.154343,0.058287,0.117886,0.412137,0.903463,0.115421,0.897954,-0.424684,False,False,NA,NA
S5_T1,1544814305.06,84.83,-118.53,26.62,-88.3,75.34,14.71,-46.61,0.4088,0.0047500003,0.085030004,-0.986297,0.154343,0.058287,0.117886,0.412137,0.903463,0.115421,0.897954,-0.424684,False,False,NA,NA
S5_T1,1544814305.06,84.83,-118.53,26.62,-88.3,75.34,14.71,-46.61,0.4088,0.0047500003,0.085030004,-0.986297,0.154343,0.058287,0.117886,0.412137,0.903463,0.115421,0.897954,-0.424684,False,False,NA,NA
S5_T1,1544814305.06,84.83,-118.53,26.62,-88.3,75.34,14.71,-46.61,0.4088,0.0047500003,0.085030004,-0.986297,0.154343,0.058287,0.117886,0.412137,0.903463,0.115421,0.897954,-0.424684,False,False,NA,NA
S5_T1,1544814305.17,84.83,-118.53,26.62,-88.3,75.34,14.71,-46.61,0.4088,0.0047500003,0.085030004,-0.986297,0.154343,0.058287,0.117886,0.412137,0.903463,0.115421,0.897954,-0.424684,False,False,NA,NA
S5_T1,1544814305.17,84.83,-118.53,26.62,-88.3,75.34,14.71,-46.61,0.4088,0.0047500003,0.085030004,-0.986297,0.154343,0.058287,0.117886,0.412137,0.903463,0.115421,0.897954,-0.424684,False,False,NA,NA
S5_T1,1544814305.29,84.83,-118.53,26.62,-88.3,75.34,14.71,-46.61,0.4088,0.0047600004,0.08502,-0.986297,0.154343,0.058287,0.117886,0.412137,0.903463,0.115421,0.897954,-0.424684,False,False,NA,NA
S5_T1,1544814305.29,84.83,-118.53,26.62,-88.3,75.34,14.71,-46.61,0.4088,0.0047600004,0.08502,-0.986297,0.154343,0.058287,0.117886,0.412137,0.903463,0.115421,0.897954,-0.424684,False,False,NA,NA
S5_T1,1544814305.29,84.83,-118.53,26.62,-88.3,75.34,14.71,-46.61,0.4088,0.0047600004,0.08502,-0.986297,0.154343,0.058287,0.117886,0.412137,0.903463,0.115421,0.897954,-0.424684,False,False,NA,NA
S5_T1,1544814305.39,84.84,-118.53,26.62,-88.32,75.33,14.72,-46.61,0.40870002,0.00483,0.085200004,-0.986242,0.155279,0.056706,0.116648,0.410643,0.904304,0.117134,0.898477,-0.423107,False,False,NA,NA
S5_T1,1544814305.39,84.84,-118.53,26.62,-88.32,75.33,14.72,-46.61,0.40870002,0.00483,0.085200004,-0.986242,0.155279,0.056706,0.116648,0.410643,0.904304,0.117134,0.898477,-0.423107,False,False,NA,NA
S5_T1,1544814305.48,84.74,-118.54,26.78,-88.17,75.52,15.01,-46.61,0.40810004,0.0046,0.08609,-0.986168,0.156347,0.055025,0.115571,0.410665,0.904432,0.118808,0.898282,-0.423054,False,False,NA,NA
S5_T1,1544814305.48,84.74,-118.54,26.78,-88.17,75.52,15.01,-46.61,0.40810004,0.0046,0.08609,-0.986168,0.156347,0.055025,0.115571,0.410665,0.904432,0.118808,0.898282,-0.423054,False,False,NA,NA
S5_T1,1544814305.6,84.74,-118.54,26.78,-88.17,75.52,15.01,-46.61,0.40808,0.0045000003,0.086160004,-0.986162,0.156505,0.054689,0.115862,0.414679,0.902562,0.118577,0.896408,-0.427073,False,False,NA,NA
S5_T1,1544814305.6,84.74,-118.54,26.78,-88.17,75.52,15.01,-46.61,0.40808,0.0045000003,0.086160004,-0.986162,0.156505,0.054689,0.115862,0.414679,0.902562,0.118577,0.896408,-0.427073,False,False,NA,NA
S5_T1,1544814305.6,84.74,-118.54,26.78,-88.17,75.52,15.01,-46.61,0.40808,0.0045000003,0.086160004,-0.986162,0.156505,0.054689,0.115862,0.414679,0.902562,0.118577,0.896408,-0.427073,False,False,NA,NA
S5_T1,1544814305.69,84.56,-118.59,27.21,-88.5,75.74,15.35,-46.61,0.40727,0.0036900002,0.08641001,-0.986147,0.156634,0.054585,0.116024,0.416192,0.901844,0.118542,0.895684,-0.4286,False,False,NA,NA
S5_T1,1544814305.69,84.56,-118.59,27.21,-88.5,75.74,15.35,-46.61,0.40727,0.0036900002,0.08641001,-0.986147,0.156634,0.054585,0.116024,0.416192,0.901844,0.118542,0.895684,-0.4286,False,False,NA,NA
S5_T1,1544814305.8,84.56,-118.59,27.22,-88.49,75.73,15.35,-46.61,0.40712002,0.00358,0.086600006,-0.986078,0.157722,0.052665,0.115082,0.418708,0.900799,0.120024,0.894319,-0.43103,False,False,NA,NA
S5_T1,1544814305.8,84.56,-118.59,27.22,-88.49,75.73,15.35,-46.61,0.40712002,0.00358,0.086600006,-0.986078,0.157722,0.052665,0.115082,0.418708,0.900799,0.120024,0.894319,-0.43103,False,False,NA,NA
S5_T1,1544814305.92,84.23,-118.74,27.76,-88.59,75.89,15.66,-46.61,0.40550002,0.0031500002,0.087570004,-0.986078,0.157722,0.052665,0.115082,0.418708,0.900799,0.120024,0.894319,-0.43103,False,False,NA,NA
S5_T1,1544814305.92,84.23,-118.74,27.76,-88.59,75.89,15.66,-46.61,0.40550002,0.0031500002,0.087570004,-0.986078,0.157722,0.052665,0.115082,0.418708,0.900799,0.120024,0.894319,-0.43103,False,False,NA,NA
S5_T1,1544814305.92,84.23,-118.74,27.76,-88.59,75.89,15.66,-46.61,0.40550002,0.0031500002,0.087570004,-0.986078,0.157722,0.052665,0.115082,0.418708,0.900799,0.120024,0.894319,-0.43103,False,False,NA,NA
S5_T1,1544814306.06,84.08,-118.8,27.89,-88.68,75.88,15.64,-46.61,0.40447003,0.0018900001,0.086710006,-0.986232,0.155789,0.055469,0.117634,0.425148,0.897447,0.11623,0.891616,-0.43762,False,False,NA,NA
S5_T1,1544814306.06,84.08,-118.8,27.89,-88.68,75.88,15.64,-46.61,0.40447003,0.0018900001,0.086710006,-0.986232,0.155789,0.055469,0.117634,0.425148,0.897447,0.11623,0.891616,-0.43762,False,False,NA,NA
S5_T1,1544814306.16,83.88,-118.91,28.06,-88.87,75.79,15.56,-46.61,0.40445003,0.0017600001,0.086670004,-0.986232,0.155789,0.055469,0.117634,0.425148,0.897447,0.11623,0.891616,-0.43762,False,False,NA,NA
S5_T1,1544814306.16,83.88,-118.91,28.06,-88.87,75.79,15.56,-46.61,0.40445003,0.0017600001,0.086670004,-0.986232,0.155789,0.055469,0.117634,0.425148,0.897447,0.11623,0.891616,-0.43762,False,False,NA,NA
S5_T1,1544814306.16,83.88,-118.91,28.06,-88.87,75.79,15.56,-46.61,0.40445003,0.0017600001,0.086670004,-0.986232,0.155789,0.055469,0.117634,0.425148,0.897447,0.11623,0.891616,-0.43762,False,False,NA,NA
S5_T1,1544814306.28,83.63,-119.0,28.37,-89.39,75.83,15.52,-46.61,0.40371,0.00017000001,0.08532,-0.986992,0.150667,0.056098,0.116966,0.433537,0.893513,0.110303,0.888451,-0.44552,False,False,NA,NA
S5_T1,1544814306.28,83.63,-119.0,28.37,-89.39,75.83,15.52,-46.61,0.40371,0.00017000001,0.08532,-0.986992,0.150667,0.056098,0.116966,0.433537,0.893513,0.110303,0.888451,-0.44552,False,False,NA,NA
S5_T1,1544814306.39,83.62,-119.0,28.39,-89.4,75.83,15.52,-46.61,0.40351003,-6.0000002e-05,0.08532,-0.987268,0.149973,0.05301,0.114312,0.437202,0.892069,0.11061,0.886771,-0.448779,False,False,NA,NA
S5_T1,1544814306.39,83.62,-119.0,28.39,-89.4,75.83,15.52,-46.61,0.40351003,-6.0000002e-05,0.08532,-0.987268,0.149973,0.05301,0.114312,0.437202,0.892069,0.11061,0.886771,-0.448779,False,False,NA,NA
S5_T1,1544814306.49,83.29,-119.02,29.12,-90.14,76.6,15.91,-46.61,0.40194002,-0.00331,0.08505001,-0.987874,0.147073,0.049753,0.111859,0.451961,0.884997,0.107672,0.87983,-0.462931,False,False,NA,NA
S5_T1,1544814306.49,83.29,-119.02,29.12,-90.14,76.6,15.91,-46.61,0.40194002,-0.00331,0.08505001,-0.987874,0.147073,0.049753,0.111859,0.451961,0.884997,0.107672,0.87983,-0.462931,False,False,NA,NA
S5_T1,1544814306.62,83.26,-119.02,29.14,-90.17,76.63,15.93,-46.61,0.40182003,-0.0036900002,0.08501001,-0.988466,0.143841,0.047384,0.10874,0.456335,0.883139,0.105409,0.878105,-0.466713,False,False,NA,NA
S5_T1,1544814306.62,83.26,-119.02,29.14,-90.17,76.63,15.93,-46.61,0.40182003,-0.0036900002,0.08501001,-0.988466,0.143841,0.047384,0.10874,0.456335,0.883139,0.105409,0.878105,-0.466713,False,False,NA,NA
S5_T1,1544814306.62,83.26,-119.02,29.14,-90.17,76.63,15.93,-46.61,0.40182003,-0.0036900002,0.08501001,-0.988466,0.143841,0.047384,0.10874,0.456335,0.883139,0.105409,0.878105,-0.466713,False,False,NA,NA
S5_T1,1544814306.73,82.92,-119.02,29.61,-90.62,77.48,15.88,-46.61,0.39953002,-0.008,0.08422001,-0.989903,0.13567,0.041058,0.101068,0.472472,0.875532,0.099385,0.870841,-0.481413,False,False,NA,NA
S5_T1,1544814306.73,82.92,-119.02,29.61,-90.62,77.48,15.88,-46.61,0.39953002,-0.008,0.08422001,-0.989903,0.13567,0.041058,0.101068,0.472472,0.875532,0.099385,0.870841,-0.481413,False,False,NA,NA
S5_T1,1544814306.73,82.92,-119.02,29.61,-90.62,77.48,15.88,-46.61,0.39953002,-0.008,0.08422001,-0.989903,0.13567,0.041058,0.101068,0.472472,0.875532,0.099385,0.870841,-0.481413,False,False,NA,NA
S5_T1,1544814306.87,82.52,-119.02,30.12,-91.14,78.46,15.79,-46.61,0.39757,-0.01198,0.08357,-0.991164,0.128383,0.033336,0.092184,0.486033,0.869065,0.095371,0.864459,-0.493574,False,True,S1,True
S5_T1,1544814306.87,82.52,-119.02,30.12,-91.14,78.46,15.79,-46.61,0.39757,-0.01198,0.08357,-0.991164,0.128383,0.033336,0.092184,0.486033,0.869065,0.095371,0.864459,-0.493574,False,True,S1,True
S5_T1,1544814306.87,82.52,-119.02,30.12,-91.14,78.46,15.79,-46.61,0.39757,-0.01198,0.08357,-0.991164,0.128383,0.033336,0.092184,0.486033,0.869065,0.095371,0.864459,-0.493574,False,True,S1,True
S5_T1,1544814306.98,82.16,-119.08,30.2,-91.15,78.92,15.36,-46.61,0.39512002,-0.015040001,0.08245,-0.9919,0.123432,0.029968,0.08739,0.491955,0.866223,0.092177,0.861826,-0.498758,False,True,S1,True
S5_T1,1544814306.98,82.16,-119.08,30.2,-91.15,78.92,15.36,-46.61,0.39512002,-0.015040001,0.08245,-0.9919,0.123432,0.029968,0.08739,0.491955,0.866223,0.092177,0.861826,-0.498758,False,True,S1,True
S5_T1,1544814306.98,82.16,-119.08,30.2,-91.15,78.92,15.36,-46.61,0.39512002,-0.015040001,0.08245,-0.9919,0.123432,0.029968,0.08739,0.491955,0.866223,0.092177,0.861826,-0.498758,False,True,S1,True
S5_T1,1544814307.12,81.74,-119.21,30.3,-91.15,79.46,14.82,-46.61,0.39283,-0.018010002,0.08144001,-0.99255,0.119269,0.024899,0.08142,0.497241,0.863784,0.090642,0.859376,-0.503247,False,True,S1,True
S5_T1,1544814307.12,81.74,-119.21,30.3,-91.15,79.46,14.82,-46.61,0.39283,-0.018010002,0.08144001,-0.99255,0.119269,0.024899,0.08142,0.497241,0.863784,0.090642,0.859376,-0.503247,False,True,S1,True
S5_T1,1544814307.27,81.78,-119.04,30.7,-91.77,80.88,14.63,-46.61,0.39086,-0.021110002,0.08115,-0.994702,0.10237,0.00938,0.061311,0.517539,0.85346,0.082514,0.849514,-0.521073,False,True,S1,True
S5_T1,1544814307.27,81.78,-119.04,30.7,-91.77,80.88,14.63,-46.61,0.39086,-0.021110002,0.08115,-0.994702,0.10237,0.00938,0.061311,0.517539,0.85346,0.082514,0.849514,-0.521073,False,True,S1,True
S5_T1,1544814307.27,81.78,-119.04,30.7,-91.77,80.88,14.63,-46.61,0.39086,-0.021110002,0.08115,-0.994702,0.10237,0.00938,0.061311,0.517539,0.85346,0.082514,0.849514,-0.521073,False,True,S1,True
S5_T1,1544814307.37,81.53,-119.01,30.8,-91.92,81.5,14.27,-46.61,0.38912,-0.02473,0.07999,-0.995333,0.096448,0.003299,0.053755,0.525704,0.848968,0.080147,0.845183,-0.528434,False,True,S1,True
S5_T1,1544814307.37,81.53,-119.01,30.8,-91.92,81.5,14.27,-46.61,0.38912,-0.02473,0.07999,-0.995333,0.096448,0.003299,0.053755,0.525704,0.848968,0.080147,0.845183,-0.528434,False,True,S1,True
S5_T1,1544814307.47,81.23,-119.01,30.87,-92.03,82.05,13.91,-46.61,0.38748002,-0.02831,0.0789,-0.995835,0.091169,-6.4e-05,0.048876,0.53446,0.843779,0.076961,0.840262,-0.53669,False,True,S1,True
S5_T1,1544814307.47,81.23,-119.01,30.87,-92.03,82.05,13.91,-46.61,0.38748002,-0.02831,0.0789,-0.995835,0.091169,-6.4e-05,0.048876,0.53446,0.843779,0.076961,0.840262,-0.53669,False,True,S1,True
S5_T1,1544814307.47,81.23,-119.01,30.87,-92.03,82.05,13.91,-46.61,0.38748002,-0.02831,0.0789,-0.995835,0.091169,-6.4e-05,0.048876,0.53446,0.843779,0.076961,0.840262,-0.53669,False,True,S1,True
S5_T1,1544814307.57,80.99,-119.04,30.91,-92.13,82.48,13.62,-46.61,0.38647002,-0.030560002,0.07824,-0.996295,0.085937,-0.003333,0.043972,0.542326,0.839017,0.07391,0.835762,-0.544095,False,True,S1,True
S5_T1,1544814307.57,80.99,-119.04,30.91,-92.13,82.48,13.62,-46.61,0.38647002,-0.030560002,0.07824,-0.996295,0.085937,-0.003333,0.043972,0.542326,0.839017,0.07391,0.835762,-0.544095,False,True,S1,True
S5_T1,1544814307.69,81.6,-118.71,31.96,-94.31,84.2,14.13,-46.61,0.38632002,-0.032610003,0.076460004,-0.997691,0.065579,-0.017663,0.023057,0.571688,0.820147,0.063882,0.817846,-0.57188,False,True,S1,True
S5_T1,1544814307.69,81.6,-118.71,31.96,-94.31,84.2,14.13,-46.61,0.38632002,-0.032610003,0.076460004,-0.997691,0.065579,-0.017663,0.023057,0.571688,0.820147,0.063882,0.817846,-0.57188,False,True,S1,True
S5_T1,1544814307.69,81.6,-118.71,31.96,-94.31,84.2,14.13,-46.61,0.38632002,-0.032610003,0.076460004,-0.997691,0.065579,-0.017663,0.023057,0.571688,0.820147,0.063882,0.817846,-0.57188,False,True,S1,True
S5_T1,1544814307.83,81.6,-118.68,32.15,-94.87,84.6,14.12,-46.61,0.38558,-0.035200004,0.074470006,-0.99831,0.053745,-0.022112,0.014053,0.592439,0.805492,0.056391,0.80382,-0.592193,False,True,S1,True
S5_T1,1544814307.83,81.6,-118.68,32.15,-94.87,84.6,14.12,-46.61,0.38558,-0.035200004,0.074470006,-0.99831,0.053745,-0.022112,0.014053,0.592439,0.805492,0.056391,0.80382,-0.592193,False,True,S1,True
S5_T1,1544814307.83,81.6,-118.68,32.15,-94.87,84.6,14.12,-46.61,0.38558,-0.035200004,0.074470006,-0.99831,0.053745,-0.022112,0.014053,0.592439,0.805492,0.056391,0.80382,-0.592193,False,True,S1,True
S5_T1,1544814307.97,81.58,-118.61,32.54,-95.98,85.38,14.02,-46.61,0.38481003,-0.03764,0.072670005,-0.998582,0.046441,-0.026036,0.007272,0.603404,0.797402,0.052743,0.796082,-0.602886,False,True,S1,True
S5_T1,1544814307.97,81.58,-118.61,32.54,-95.98,85.38,14.02,-46.61,0.38481003,-0.03764,0.072670005,-0.998582,0.046441,-0.026036,0.007272,0.603404,0.797402,0.052743,0.796082,-0.602886,False,True,S1,True
S5_T1,1544814308.09,81.41,-118.67,33.46,-97.21,86.41,13.84,-46.61,0.38279003,-0.041310005,0.07142,-0.999021,0.030822,-0.031745,-0.00561,0.623434,0.781856,0.04389,0.781269,-0.62265,False,True,S1,True
S5_T1,1544814308.09,81.41,-118.67,33.46,-97.21,86.41,13.84,-46.61,0.38279003,-0.041310005,0.07142,-0.999021,0.030822,-0.031745,-0.00561,0.623434,0.781856,0.04389,0.781269,-0.62265,False,True,S1,True
S5_T1,1544814308.09,81.41,-118.67,33.46,-97.21,86.41,13.84,-46.61,0.38279003,-0.041310005,0.07142,-0.999021,0.030822,-0.031745,-0.00561,0.623434,0.781856,0.04389,0.781269,-0.62265,False,True,S1,True
S5_T1,1544814308.22,81.03,-118.86,33.67,-97.72,85.96,13.61,-46.61,0.38274002,-0.043190002,0.06939001,-0.999415,0.024559,-0.023787,-0.002863,0.633151,0.774023,0.03407,0.773639,-0.63271,False,True,S1,True
S5_T1,1544814308.22,81.03,-118.86,33.67,-97.72,85.96,13.61,-46.61,0.38274002,-0.043190002,0.06939001,-0.999415,0.024559,-0.023787,-0.002863,0.633151,0.774023,0.03407,0.773639,-0.63271,False,True,S1,True
S5_T1,1544814308.32,81.0,-118.94,34.32,-99.11,86.33,13.7,-46.61,0.38214004,-0.04496,0.06706,-0.999542,0.016256,-0.025523,-0.009001,0.645552,0.763663,0.028891,0.763543,-0.64511,False,True,S1,True
S5_T1,1544814308.32,81.0,-118.94,34.32,-99.11,86.33,13.7,-46.61,0.38214004,-0.04496,0.06706,-0.999542,0.016256,-0.025523,-0.009001,0.645552,0.763663,0.028891,0.763543,-0.64511,False,True,S1,True
S5_T1,1544814308.32,81.0,-118.94,34.32,-99.11,86.33,13.7,-46.61,0.38214004,-0.04496,0.06706,-0.999542,0.016256,-0.025523,-0.009001,0.645552,0.763663,0.028891,0.763543,-0.64511,False,True,S1,True
S5_T1,1544814308.47,81.0,-118.96,34.37,-99.44,86.27,13.68,-46.61,0.38264003,-0.04603,0.064660005,-0.999704,0.013594,-0.02017,-0.006317,0.655705,0.754991,0.023489,0.754895,-0.655425,False,True,S1,True
S5_T1,1544814308.47,81.0,-118.96,34.37,-99.44,86.27,13.68,-46.61,0.38264003,-0.04603,0.064660005,-0.999704,0.013594,-0.02017,-0.006317,0.655705,0.754991,0.023489,0.754895,-0.655425,False,True,S1,True
S5_T1,1544814308.47,81.0,-118.96,34.37,-99.44,86.27,13.68,-46.61,0.38264003,-0.04603,0.064660005,-0.999704,0.013594,-0.02017,-0.006317,0.655705,0.754991,0.023489,0.754895,-0.655425,False,True,S1,True
S5_T1,1544814308.58,80.89,-119.04,34.49,-100.29,85.95,13.52,-46.61,0.38316002,-0.04696,0.063360006,-0.999756,0.010901,-0.019204,-0.00726,0.659069,0.752048,0.020855,0.752004,-0.658829,False,True,S1,True
S5_T1,1544814308.58,80.89,-119.04,34.49,-100.29,85.95,13.52,-46.61,0.38316002,-0.04696,0.063360006,-0.999756,0.010901,-0.019204,-0.00726,0.659069,0.752048,0.020855,0.752004,-0.658829,False,True,S1,True
S5_T1,1544814308.7,81.19,-118.92,34.61,-101.27,86.32,14.14,-46.61,0.38393,-0.047840003,0.061120003,-0.999704,0.013382,-0.020325,-0.006067,0.671801,0.740707,0.023566,0.740611,-0.67152,False,True,S1,True
S5_T1,1544814308.7,81.19,-118.92,34.61,-101.27,86.32,14.14,-46.61,0.38393,-0.047840003,0.061120003,-0.999704,0.013382,-0.020325,-0.006067,0.671801,0.740707,0.023566,0.740611,-0.67152,False,True,S1,True
S5_T1,1544814308.7,81.19,-118.92,34.61,-101.27,86.32,14.14,-46.61,0.38393,-0.047840003,0.061120003,-0.999704,0.013382,-0.020325,-0.006067,0.671801,0.740707,0.023566,0.740611,-0.67152,False,True,S1,True
S5_T1,1544814308.85,81.3,-118.88,34.51,-101.54,86.35,14.16,-46.61,0.38447002,-0.048310004,0.059490003,-0.999704,0.013335,-0.020352,-0.006013,0.675103,0.737699,0.023577,0.737603,-0.674823,False,True,S1,True
S5_T1,1544814308.85,81.3,-118.88,34.51,-101.54,86.35,14.16,-46.61,0.38447002,-0.048310004,0.059490003,-0.999704,0.013335,-0.020352,-0.006013,0.675103,0.737699,0.023577,0.737603,-0.674823,False,True,S1,True
S5_T1,1544814308.85,81.3,-118.88,34.51,-101.54,86.35,14.16,-46.61,0.38447002,-0.048310004,0.059490003,-0.999704,0.013335,-0.020352,-0.006013,0.675103,0.737699,0.023577,0.737603,-0.674823,False,True,S1,True
S5_T1,1544814308.95,81.56,-118.79,34.02,-102.21,86.25,13.94,-46.61,0.38533,-0.04885,0.056140002,-0.999704,0.013275,-0.0204,-0.005941,0.679737,0.733432,0.023603,0.733336,-0.679457,False,True,S1,True
S5_T1,1544814308.95,81.56,-118.79,34.02,-102.21,86.25,13.94,-46.61,0.38533,-0.04885,0.056140002,-0.999704,0.013275,-0.0204,-0.005941,0.679737,0.733432,0.023603,0.733336,-0.679457,False,True,S1,True
S5_T1,1544814309.06,81.81,-118.75,34.44,-103.24,86.65,14.42,-46.61,0.38521,-0.048810005,0.054840002,-0.999662,0.010244,-0.023895,-0.010244,0.689517,0.724197,0.023895,0.724197,-0.689179,False,True,S1,True
S5_T1,1544814309.06,81.81,-118.75,34.44,-103.24,86.65,14.42,-46.61,0.38521,-0.048810005,0.054840002,-0.999662,0.010244,-0.023895,-0.010244,0.689517,0.724197,0.023895,0.724197,-0.689179,False,True,S1,True
S5_T1,1544814309.17,81.81,-118.75,34.44,-103.25,86.65,14.43,-46.61,0.38529003,-0.04898,0.054490004,-0.999712,0.009389,-0.022093,-0.009389,0.694062,0.719854,0.022093,0.719854,-0.693774,False,True,S1,True
S5_T1,1544814309.17,81.81,-118.75,34.44,-103.25,86.65,14.43,-46.61,0.38529003,-0.04898,0.054490004,-0.999712,0.009389,-0.022093,-0.009389,0.694062,0.719854,0.022093,0.719854,-0.693774,False,True,S1,True
S5_T1,1544814309.28,82.0,-118.79,34.8,-104.92,86.75,14.46,-46.61,0.38578,-0.049840003,0.050380003,-0.999766,-0.004281,-0.021211,-0.017933,0.712469,0.701475,0.012109,0.701691,-0.712379,False,True,S1,True
S5_T1,1544814309.28,82.0,-118.79,34.8,-104.92,86.75,14.46,-46.61,0.38578,-0.049840003,0.050380003,-0.999766,-0.004281,-0.021211,-0.017933,0.712469,0.701475,0.012109,0.701691,-0.712379,False,True,S1,True
S5_T1,1544814309.37,82.13,-118.83,35.0,-105.78,86.84,14.49,-46.61,0.38571,-0.049820002,0.049040005,-0.99974,-0.006157,-0.021949,-0.019758,0.714274,0.699587,0.01137,0.699839,-0.71421,False,True,S1,True
S5_T1,1544814309.37,82.13,-118.83,35.0,-105.78,86.84,14.49,-46.61,0.38571,-0.049820002,0.049040005,-0.99974,-0.006157,-0.021949,-0.019758,0.714274,0.699587,0.01137,0.699839,-0.71421,False,True,S1,True
S5_T1,1544814309.49,82.13,-118.9,34.78,-106.31,86.61,13.96,-46.61,0.38532004,-0.05025,0.045490004,-0.999702,-0.013313,-0.020471,-0.023791,0.719867,0.693704,0.005502,0.693984,-0.719969,False,True,S1,True
S5_T1,1544814309.49,82.13,-118.9,34.78,-106.31,86.61,13.96,-46.61,0.38532004,-0.05025,0.045490004,-0.999702,-0.013313,-0.020471,-0.023791,0.719867,0.693704,0.005502,0.693984,-0.719969,False,True,S1,True
S5_T1,1544814309.49,82.13,-118.9,34.78,-106.31,86.61,13.96,-46.61,0.38532004,-0.05025,0.045490004,-0.999702,-0.013313,-0.020471,-0.023791,0.719867,0.693704,0.005502,0.693984,-0.719969,False,True,S1,True
S5_T1,1544814309.61,82.12,-119.0,34.43,-106.92,86.26,13.32,-46.61,0.38510004,-0.05094,0.0421,-0.99964,-0.017812,-0.020069,-0.026743,0.722874,0.690462,0.002209,0.69075,-0.72309,False,True,S1,True
S5_T1,1544814309.71,82.09,-119.07,34.24,-107.26,86.23,12.78,-46.61,0.3843,-0.05167,0.0398,-0.999478,-0.023425,-0.022244,-0.032303,0.725805,0.687141,4.8e-05,0.687501,-0.726183,False,True,S1,True
S5_T1,1544814309.71,82.09,-119.07,34.24,-107.26,86.23,12.78,-46.61,0.3843,-0.05167,0.0398,-0.999478,-0.023425,-0.022244,-0.032303,0.725805,0.687141,4.8e-05,0.687501,-0.726183,False,True,S1,True
S5_T1,1544814309.71,82.09,-119.07,34.24,-107.26,86.23,12.78,-46.61,0.3843,-0.05167,0.0398,-0.999478,-0.023425,-0.022244,-0.032303,0.725805,0.687141,4.8e-05,0.687501,-0.726183,False,True,S1,True
S5_T1,1544814309.85,82.09,-119.11,34.4,-108.04,86.25,12.57,-46.61,0.38445002,-0.053150006,0.037430003,-0.999182,-0.035105,-0.02007,-0.039449,0.737132,0.674596,-0.008887,0.674836,-0.737914,False,True,S1,True
S5_T1,1544814309.85,82.09,-119.11,34.4,-108.04,86.25,12.57,-46.61,0.38445002,-0.053150006,0.037430003,-0.999182,-0.035105,-0.02007,-0.039449,0.737132,0.674596,-0.008887,0.674836,-0.737914,False,True,S1,True
S5_T1,1544814309.85,82.09,-119.11,34.4,-108.04,86.25,12.57,-46.61,0.38445002,-0.053150006,0.037430003,-0.999182,-0.035105,-0.02007,-0.039449,0.737132,0.674596,-0.008887,0.674836,-0.737914,False,True,S1,True
S5_T1,1544814309.95,82.14,-119.17,34.76,-109.28,86.36,12.26,-46.61,0.38433,-0.05398,0.035310004,-0.998846,-0.044135,-0.018962,-0.045559,0.745292,0.66518,-0.015225,0.665276,-0.746442,False,True,S1,True
S5_T1,1544814309.95,82.14,-119.17,34.76,-109.28,86.36,12.26,-46.61,0.38433,-0.05398,0.035310004,-0.998846,-0.044135,-0.018962,-0.045559,0.745292,0.66518,-0.015225,0.665276,-0.746442,False,True,S1,True
S5_T1,1544814309.95,82.14,-119.17,34.76,-109.28,86.36,12.26,-46.61,0.38433,-0.05398,0.035310004,-0.998846,-0.044135,-0.018962,-0.045559,0.745292,0.66518,-0.015225,0.665276,-0.746442,False,True,S1,True
S5_T1,1544814310.09,82.26,-119.2,34.87,-110.06,86.62,12.25,-46.61,0.3838,-0.054560006,0.03335,-0.998541,-0.049804,-0.020865,-0.051211,0.750916,0.658409,-0.017123,0.658517,-0.752371,False,True,S1,True
S5_T1,1544814310.09,82.26,-119.2,34.87,-110.06,86.62,12.25,-46.61,0.3838,-0.054560006,0.03335,-0.998541,-0.049804,-0.020865,-0.051211,0.750916,0.658409,-0.017123,0.658517,-0.752371,False,True,S1,True
S5_T1,1544814310.09,82.26,-119.2,34.87,-110.06,86.62,12.25,-46.61,0.3838,-0.054560006,0.03335,-0.998541,-0.049804,-0.020865,-0.051211,0.750916,0.658409,-0.017123,0.658517,-0.752371,False,True,S1,True
S5_T1,1544814310.21,82.26,-119.2,34.87,-110.07,86.63,12.24,-46.61,0.38358,-0.054440003,0.0331,-0.998315,-0.053618,-0.022184,-0.055019,0.753179,0.65551,-0.018438,0.655626,-0.75486,False,True,S1,True
S5_T1,1544814310.21,82.26,-119.2,34.87,-110.07,86.63,12.24,-46.61,0.38358,-0.054440003,0.0331,-0.998315,-0.053618,-0.022184,-0.055019,0.753179,0.65551,-0.018438,0.655626,-0.75486,False,True,S1,True
S5_T1,1544814310.32,82.16,-119.38,34.76,-110.72,86.47,11.55,-46.61,0.38213003,-0.055010002,0.029900001,-0.99795,-0.059266,-0.024144,-0.060658,0.755768,0.652024,-0.020396,0.652152,-0.757814,False,True,S1,True
S5_T1,1544814310.32,82.16,-119.38,34.76,-110.72,86.47,11.55,-46.61,0.38213003,-0.055010002,0.029900001,-0.99795,-0.059266,-0.024144,-0.060658,0.755768,0.652024,-0.020396,0.652152,-0.757814,False,True,S1,True
S5_T1,1544814310.45,82.08,-119.46,34.67,-110.77,86.3,11.32,-46.61,0.38088003,-0.054830004,0.028210001,-0.99782,-0.061136,-0.024838,-0.062528,0.755654,0.65198,-0.021091,0.652112,-0.757829,False,True,S1,True
S5_T1,1544814310.45,82.08,-119.46,34.67,-110.77,86.3,11.32,-46.61,0.38088003,-0.054830004,0.028210001,-0.99782,-0.061136,-0.024838,-0.062528,0.755654,0.65198,-0.021091,0.652112,-0.757829,False,True,S1,True
S5_T1,1544814310.55,81.83,-119.71,34.35,-111.02,85.84,10.57,-46.61,0.37904003,-0.055040002,0.025100002,-0.997551,-0.06557,-0.024353,-0.06557,0.755415,0.651958,-0.024353,0.651958,-0.757864,False,True,S1,True
S5_T1,1544814310.55,81.83,-119.71,34.35,-111.02,85.84,10.57,-46.61,0.37904003,-0.055040002,0.025100002,-0.997551,-0.06557,-0.024353,-0.06557,0.755415,0.651958,-0.024353,0.651958,-0.757864,False,True,S1,True
S5_T1,1544814310.55,81.83,-119.71,34.35,-111.02,85.84,10.57,-46.61,0.37904003,-0.055040002,0.025100002,-0.997551,-0.06557,-0.024353,-0.06557,0.755415,0.651958,-0.024353,0.651958,-0.757864,False,True,S1,True
S5_T1,1544814310.67,81.65,-119.89,34.34,-111.03,85.49,10.37,-46.61,0.37827,-0.054310005,0.024700003,-0.997685,-0.064364,-0.021933,-0.062964,0.752627,0.65543,-0.025678,0.655294,-0.754937,False,True,S1,True
S5_T1,1544814310.67,81.65,-119.89,34.34,-111.03,85.49,10.37,-46.61,0.37827,-0.054310005,0.024700003,-0.997685,-0.064364,-0.021933,-0.062964,0.752627,0.65543,-0.025678,0.655294,-0.754937,False,True,S1,True
S5_T1,1544814310.78,81.65,-119.89,34.35,-111.02,85.5,10.37,-46.61,0.37812,-0.054220002,0.024620002,-0.997548,-0.065578,-0.024451,-0.065578,0.753732,0.653902,-0.024451,0.653902,-0.756184,False,True,S1,True
S5_T1,1544814310.78,81.65,-119.89,34.35,-111.02,85.5,10.37,-46.61,0.37812,-0.054220002,0.024620002,-0.997548,-0.065578,-0.024451,-0.065578,0.753732,0.653902,-0.024451,0.653902,-0.756184,False,True,S1,True
S5_T1,1544814310.9,81.7,-119.98,34.11,-111.35,85.5,10.02,-46.61,0.37666002,-0.053850003,0.02219,-0.997263,-0.068562,-0.027668,-0.069956,0.753941,0.653207,-0.023925,0.653355,-0.756673,False,True,S1,True
S5_T1,1544814310.9,81.7,-119.98,34.11,-111.35,85.5,10.02,-46.61,0.37666002,-0.053850003,0.02219,-0.997263,-0.068562,-0.027668,-0.069956,0.753941,0.653207,-0.023925,0.653355,-0.756673,False,True,S1,True
S5_T1,1544814310.9,81.7,-119.98,34.11,-111.35,85.5,10.02,-46.61,0.37666002,-0.053850003,0.02219,-0.997263,-0.068562,-0.027668,-0.069956,0.753941,0.653207,-0.023925,0.653355,-0.756673,False,True,S1,True
S5_T1,1544814311.01,81.7,-119.98,34.11,-111.35,85.5,10.02,-46.61,0.37651002,-0.053820003,0.02196,-0.997261,-0.068612,-0.027614,-0.070003,0.755162,0.651789,-0.023867,0.651937,-0.757897,False,True,S1,True
S5_T1,1544814311.01,81.7,-119.98,34.11,-111.35,85.5,10.02,-46.61,0.37651002,-0.053820003,0.02196,-0.997261,-0.068612,-0.027614,-0.070003,0.755162,0.651789,-0.023867,0.651937,-0.757897,False,True,S1,True
S5_T1,1544814311.12,81.71,-120.1,33.95,-112.23,85.34,9.53,-46.61,0.37554002,-0.05473,0.017760001,-0.996474,-0.078841,-0.028715,-0.078841,0.762651,0.641988,-0.028715,0.641988,-0.766177,False,True,S1,True
S5_T1,1544814311.12,81.71,-120.1,33.95,-112.23,85.34,9.53,-46.61,0.37554002,-0.05473,0.017760001,-0.996474,-0.078841,-0.028715,-0.078841,0.762651,0.641988,-0.028715,0.641988,-0.766177,False,True,S1,True
S5_T1,1544814311.25,81.68,-120.25,33.91,-112.93,84.99,9.18,-46.61,0.37553,-0.0546,0.014710001,-0.995878,-0.088664,-0.019142,-0.080552,0.76744,0.63604,-0.041704,0.63496,-0.771418,False,True,S1,True
S5_T1,1544814311.25,81.68,-120.25,33.91,-112.93,84.99,9.18,-46.61,0.37553,-0.0546,0.014710001,-0.995878,-0.088664,-0.019142,-0.080552,0.76744,0.63604,-0.041704,0.63496,-0.771418,False,True,S1,True
S5_T1,1544814311.25,81.68,-120.25,33.91,-112.93,84.99,9.18,-46.61,0.37553,-0.0546,0.014710001,-0.995878,-0.088664,-0.019142,-0.080552,0.76744,0.63604,-0.041704,0.63496,-0.771418,False,True,S1,True
S5_T1,1544814311.37,81.48,-120.42,34.21,-113.52,84.48,8.98,-46.61,0.37549,-0.054580003,0.01467,-0.995878,-0.088664,-0.019142,-0.080552,0.76744,0.63604,-0.041704,0.63496,-0.771418,False,True,S1,True
S5_T1,1544814311.48,81.04,-120.75,34.65,-114.37,83.46,8.61,-46.61,0.3759,-0.054700002,0.013270001,-0.995187,-0.097861,-0.005051,-0.079146,0.772343,0.630256,-0.057776,0.627622,-0.776371,False,True,S1,True
S5_T1,1544814311.48,81.04,-120.75,34.65,-114.37,83.46,8.61,-46.61,0.3759,-0.054700002,0.013270001,-0.995187,-0.097861,-0.005051,-0.079146,0.772343,0.630256,-0.057776,0.627622,-0.776371,False,True,S1,True
S5_T1,1544814311.48,81.04,-120.75,34.65,-114.37,83.46,8.61,-46.61,0.3759,-0.054700002,0.013270001,-0.995187,-0.097861,-0.005051,-0.079146,0.772343,0.630256,-0.057776,0.627622,-0.776371,False,True,S1,True
S5_T1,1544814311.61,80.99,-120.77,34.66,-114.38,83.43,8.61,-46.61,0.37571,-0.054680005,0.013180001,-0.995121,-0.098618,0.003056,-0.074501,0.771351,0.632034,-0.064687,0.628722,-0.774935,False,True,S1,True
S5_T1,1544814311.61,80.99,-120.77,34.66,-114.38,83.43,8.61,-46.61,0.37571,-0.054680005,0.013180001,-0.995121,-0.098618,0.003056,-0.074501,0.771351,0.632034,-0.064687,0.628722,-0.774935,False,True,S1,True
S5_T1,1544814311.61,80.99,-120.77,34.66,-114.38,83.43,8.61,-46.61,0.37571,-0.054680005,0.013180001,-0.995121,-0.098618,0.003056,-0.074501,0.771351,0.632034,-0.064687,0.628722,-0.774935,False,True,S1,True
S5_T1,1544814311.72,80.58,-121.0,34.92,-114.47,82.65,8.54,-46.61,0.37557003,-0.054530002,0.013230001,-0.995302,-0.096745,0.003726,-0.072626,0.771513,0.632055,-0.064022,0.628815,-0.774914,False,True,S1,True
S5_T1,1544814311.72,80.58,-121.0,34.92,-114.47,82.65,8.54,-46.61,0.37557003,-0.054530002,0.013230001,-0.995302,-0.096745,0.003726,-0.072626,0.771513,0.632055,-0.064022,0.628815,-0.774914,False,True,S1,True
S5_T1,1544814311.72,80.58,-121.0,34.92,-114.47,82.65,8.54,-46.61,0.37557003,-0.054530002,0.013230001,-0.995302,-0.096745,0.003726,-0.072626,0.771513,0.632055,-0.064022,0.628815,-0.774914,False,True,S1,True
S5_T1,1544814311.87,80.63,-120.99,34.81,-114.39,82.41,8.78,-46.61,0.37643,-0.053810004,0.013250001,-0.995755,-0.091742,0.007441,-0.06616,0.769605,0.635084,-0.063991,0.631896,-0.772407,False,True,S1,True
S5_T1,1544814311.87,80.63,-120.99,34.81,-114.39,82.41,8.78,-46.61,0.37643,-0.053810004,0.013250001,-0.995755,-0.091742,0.007441,-0.06616,0.769605,0.635084,-0.063991,0.631896,-0.772407,False,True,S1,True
S5_T1,1544814311.87,80.63,-120.99,34.81,-114.39,82.41,8.78,-46.61,0.37643,-0.053810004,0.013250001,-0.995755,-0.091742,0.007441,-0.06616,0.769605,0.635084,-0.063991,0.631896,-0.772407,False,True,S1,True
S5_T1,1544814311.97,80.65,-120.98,34.79,-114.38,82.38,8.81,-46.61,0.37652,-0.053900003,0.013160001,-0.995836,-0.090652,0.009686,-0.063436,0.765298,0.640543,-0.065479,0.637261,-0.767861,False,True,S1,True
S5_T1,1544814311.97,80.65,-120.98,34.79,-114.38,82.38,8.81,-46.61,0.37652,-0.053900003,0.013160001,-0.995836,-0.090652,0.009686,-0.063436,0.765298,0.640543,-0.065479,0.637261,-0.767861,False,True,S1,True
S5_T1,1544814312.08,80.49,-120.98,34.28,-113.42,81.7,8.33,-46.61,0.3773,-0.053430002,0.013770001,-0.996074,-0.087618,0.012649,-0.05879,0.76153,0.645458,-0.066186,0.64218,-0.763691,False,True,S1,True
S5_T1,1544814312.08,80.49,-120.98,34.28,-113.42,81.7,8.33,-46.61,0.3773,-0.053430002,0.013770001,-0.996074,-0.087618,0.012649,-0.05879,0.76153,0.645458,-0.066186,0.64218,-0.763691,False,True,S1,True
S5_T1,1544814312.08,80.49,-120.98,34.28,-113.42,81.7,8.33,-46.61,0.3773,-0.053430002,0.013770001,-0.996074,-0.087618,0.012649,-0.05879,0.76153,0.645458,-0.066186,0.64218,-0.763691,False,True,S1,True
S5_T1,1544814312.22,80.49,-120.99,34.29,-113.42,81.7,8.33,-46.61,0.37729004,-0.053500004,0.013810001,-0.996072,-0.087668,0.012457,-0.058657,0.758656,0.648845,-0.066333,0.645566,-0.760818,False,True,S1,True
S5_T1,1544814312.22,80.49,-120.99,34.29,-113.42,81.7,8.33,-46.61,0.37729004,-0.053500004,0.013810001,-0.996072,-0.087668,0.012457,-0.058657,0.758656,0.648845,-0.066333,0.645566,-0.760818,False,True,S1,True
S5_T1,1544814312.32,80.12,-121.09,34.56,-112.61,81.57,8.31,-46.61,0.37643,-0.05282,0.016730001,-0.996227,-0.085831,0.012876,-0.056572,0.75468,0.65365,-0.06582,0.650455,-0.756687,False,True,S1,True
S5_T1,1544814312.32,80.12,-121.09,34.56,-112.61,81.57,8.31,-46.61,0.37643,-0.05282,0.016730001,-0.996227,-0.085831,0.012876,-0.056572,0.75468,0.65365,-0.06582,0.650455,-0.756687,False,True,S1,True
S5_T1,1544814312.46,80.11,-121.09,34.56,-112.51,81.51,8.33,-46.61,0.37711,-0.051680002,0.0185,-0.996628,-0.079847,0.018904,-0.047258,0.746893,0.663262,-0.067079,0.660132,-0.748148,False,True,S1,True
S5_T1,1544814312.46,80.11,-121.09,34.56,-112.51,81.51,8.33,-46.61,0.37711,-0.051680002,0.0185,-0.996628,-0.079847,0.018904,-0.047258,0.746893,0.663262,-0.067079,0.660132,-0.748148,False,True,S1,True
S5_T1,1544814312.57,79.91,-121.12,34.63,-111.29,80.77,8.81,-46.61,0.37845004,-0.049520005,0.02205,-0.997183,-0.070217,0.026375,-0.03413,0.737883,0.674065,-0.066792,0.671266,-0.738201,False,True,S1,True
